0
0.24624526102333413
0.4970533092004761
0.516591989849704
-1.1047555795421986
-1.4046305453035501
2.0698350742440788
1.4108992744549602
-2.2329832965308967
0.2181924318778362
0.871205514627802
-0.7033004138340568
-0.9129998906795176
-0.9482809731760312
0.05878061415486615
1.435208637361746
0.017687357761946316
-0.6635080827798318
-0.5876133675373281
0.6898535302463102
-0.2662674532269703
-0.16671594403336745
0.42279227977128464
-0.003276034817337705
0.08726518698991631
0.1402032577828952
-0.10678747441412853
1.030242163769075
0.7990288439924463
-0.2047887000375525
-0.8161144480191354
-1.349389306187704
-0.2572665770430196
1.48564644426185
0.042218474315440915
0.5749052645079569
-0.23538863177889283
0.8624455122174985
0.9498828066771011
0.6353081590191872
1.0579916460471432
0.6929253832141519
-1.533723889450462
0.28943844940929486
0.28790750007699467
-0.6459961312486449
0.21928744411383042
0.20727673326003013
1.0026703818621716
-0.0644054507894863
0.18520119881512828
-0.12388565114006843
0.5571031007104763
0.38863410918109154
-0.49310643563713336
0.34771655330076495
-0.1751516244661116
-0.09454968929269496
0.0023383981656382715
0.54650420125714
0.0008335474370621383
-0.16931562176487908
0.759331542341677
1.0246696940035829
-0.7158477683856063
-0.037781657342457656
1.27534687828176
-0.4170682164362215
-0.4078766452084787
-0.5053652476540826
-0.38082488076335236
1.560716675548683
-0.4022893999777138
-0.8712897107097424
-0.16952515168052149
-0.6019631095368284
-0.3630390618107518
-1.732809762045871
0.5259184663445639
0.9283570955851337
1.030692462696143
-1.1281234313746744
-0.37033460183532774
-0.10747164792479673
0.01254036294328148
-1.273753440892178
0.21518719388213073
0.4096865424705084
-0.6048601723611128
-0.16283617385064988
-1.2335756383332184
-1.9987307252802238
1.1457973299247626
0.27558984070517606
0.49873234819945195
1.3897923988798517
1.517869341910198
0.05252258279028488
-0.3240178208652544
0.4494325980704657
-0.08083525636449147
0.4800009201945526
0.4520512216859682
0.1961036530909489
0.2562866139084378
-0.2763862200596654
0.03232420155486886
-1.0675485909662643
0.5680860083552317
0.16605643667712375
-0.3805981841983583
0.8296377522818812
0.35120868637043823
0.11084223684418229
0.08119883933461572
0.2491802779941353
0.988685719629812
0.8003872200286574
-0.5269354476435572
0.25959206187070644
0.2600504236447102
-0.3758327868895003
-0.5788777185333912
-0.47105406652176474
-0.45643995136411847
0.5876512618480995
0.22459877268168948
0.15479162537587593
-0.7976275660342976
-0.8992611368849966
-0.9099325220723711
-0.47877367927980674
-0.9707434314190494
-0.4074351154890598
-0.9972413571961687
-1.6092105834929025
0.724270201747458
0.15222486758418324
1.163432426829437
-0.8128794019348832
-0.7647266603358334
1.168344049207311
-1.6700222414206538
0.42185377479647124
0.5061660151090771
0.7358268897810953
-0.5282812334472872
0.6992920116220145
-0.6547843786879689
-1.5569946946691255
0.6085148608910003
-0.29386819740526965
0.03366290286774447
0.7105609838232289
-0.3836300063204546
0.4297697196922358
0.3285029613683379
1.1738657692700183
-0.29102677886314615
-0.1386716922987034
-0.3944502422573287
0.030307452101001362
0.6327184329521068
-0.21005083132872676
-0.9883882582171214
0.45219944439919846
-0.23979215119488373
0.09718413062504515
-0.8654321453045292
-0.3509573970136179
-1.298624295891147
0.8495087019810657
-0.9415353380737447
-0.5407976834056356
0.33169788301484093
-0.0669285958279223
-0.7777804055262033
0.36763016994200587
0.4837548637306187
-0.29564136380250755
-0.9044608459895329
0.5334501650887932
-0.12336029763414685
0.38427406560662336
0.12287549106481889
0.9657431234063621
0.3076378864214124
0.30584733876574394
-0.972609118934001
0.8910256142371495
-0.7022785362135757
-0.19216574688402388
0.5737429006085946
-0.6864074939384573
0.4891066644219813
-0.525869578457172
0.544668299908076
-0.1823264223660067
0.46029324577321035
0.41774420315878935
-0.16636198032575697
-0.2631081027215755
-0.30727374470617397
-0.1461186944508422
-0.5163727164993089
0.17766656531136787
-0.8224110559248642
-0.00511837062026489
-0.5625571882483842
0.42338944987059923
-0.04577499782247977
-0.3029461823933285
-0.41241778585540495
0.35422324396342303
0.8955347428271087
0.7315404407612178
0.6668856217581196
-0.6282221543713682
-0.6668528331743044
-0.43928788698962606
-0.36448008252753505
-0.7173876403634788
0.35727424453204704
-0.1399100989170982
-0.39399695364022874
0.29546105811158835
0.3754793476782047
-0.03315095853654908
0.23846724420853035
0.6803601813623278
-0.2813603198303543
0.23419761310880644
-0.25986199084713046
0.1810566602072532
-0.1986846082915762
1.9349890084545478
-0.021808837668204496
-0.7522996452592028
-0.02384557008190274
1.3530906697698186
-0.7473492251866791
0.816532808036053
0.08815319435584475
-0.5067062488966203
0.245338940282081
-0.6063690718643925
0.21645897868067407
-0.7212129277361892
-0.29338094808846676
0.4708255864633203
-0.4688243505157844
0.7996604495267706
-0.21767702396849872
-0.15974619036472212
-0.7488022139975049
-1.0299394738128893
0.7541262919648485
0.12013819435158994
0.3872076026526876
2.4037693249805265
-0.20781209557563543
1.185557926273299
-0.3419252721549775
0.26960582968056995
0.7773518535256801
1.3193693712017112
0.44243298788157365
0.21426959077405378
-0.3361651857252448
-0.46623027456607247
0.5398533038323069
0.3824819006718958
-0.5114641471740513
-1.3886995884216176
-1.8785830126107301
-1.0453912510713161
0.17066455265671815
-2.047496179485748
-0.07748737443204695
1.6933518679618353
-1.2447379583261968
1.6271425311548569
-1.3722346105196488
-0.7379845832549339
-2.195742329465485
2.1181262051682137
-1.7804631024673987
-2.4370425052600218
2.3511431644966994
-2.2281275866949435
2.382745039222745
0.695489988395675
1.3743545478527373
-1.0626311347742137
1.485518762730484
1.0358641104950717
-1.4484024548567143
1.6830268519057117
-1.463298278367576
1.5900725041482051
-0.4773971179434111
-1.1723320659501235
0.3159077037491039
-0.4274953126227467
2.0646419588145766
0.399177174537671
0.8710585032263338
-0.06452932582976058
2.3355761073628387
2.1608188511693425
0.5815289734372067
1.89705314832158
-0.8115468261271143
0.4389523584331652
-1.4238431352576002
0.8375404787556876
0.8393169122584828
0.22616159744295938
-0.8324746215147342
-1.3642601573493087
1.2717660899385883
1.864477909409327
-2.4189627455975793
0.7344718904066398
-0.008979408366646452
0.7901571815008743
0.3953859104323612
0.26887376250981554
0.7014681619815041
-1.1755144716153014
0.23597289080642703
0.48407676759414986
0.4805211474535229
0.38811480368251866
0.5211694709178639
1.0469096540711111
-1.1368484527121223
-0.2963372313851285
-0.4094936669391361
-0.3390762332287716
-0.2881916333223608
0.9415804528453431
0.6546640240431033
-0.021628897227097554
0.11071533742646264
-0.47474702698980004
0.49770192704299426
0.9152186170692393
1.470464469774087
0.9690933028062635
-1.6748070702202948
-0.35639540228475614
0.5974511314728403
0.9159495231275862
0.5458100885232602
0.2561018586252322
0.44282453536406463
0.7936390538979632
0.9971637913852718
-0.6813976968723592
0.41776800089409355
-1.2222416986818032
-0.332914844449658
1.424236374097674
1.8930076789400916
0.20225574514745848
2.2785077991379996
-1.0677020918413074
1.3483258274948806
1.5735672284610587
0.2947909059604164
-1.5359315781491967
-0.43263744352454936
-1.2946956740731912
-0.2488878767495561
-0.7683998127806483
2.4387292939343355
-1.0518079839273033
-0.7512951082409164
-1.7588192250369452
0.42292624164723885
0.8531761951254546
-1.033757598627074
0.6140248142535456
0.3306259140961722
1.6838789572746309
-0.9689066979327389
0.47573170219418787
1.1036468257459593
0.3454398265075923
-1.0274005608160133
-0.4036340393971865
-1.1671287133301707
1.3305137874153377
-0.08447824706305429
-0.30120841989381153
0.6019447875527666
1.8049672645981316
-0.9065043578189456
0.6355939087534703
-0.2873927641792093
0.39344185795939024
0.6574664940023215
1.395752203311954
-0.7482243801679862
-0.023014222810417886
0.7908841734820728
0.7671935222186604
0.5049707276955394
-1.995373303100651
-1.1861422628853546
-1.9365554574816857
1.7072891061598872
-1.4750670061410776
-1.0639159577730641
-0.30943446437003846
0.9392917197371724
-1.3076034026363192
-1.2271495177449967
-1.0299635820470852
0.06871034828114515
2.2580630955401695
-1.876751084098223
0.3758045025903808
1.2576008287125249
1.278503502423165
-0.5944396439391789
0.01861612722670655
1.1954161084905826
-1.5305878963795112
1.2159015684053325
-1.576313440142875
1.4927630911771994
-0.16467687724835148
1.457963061415102
2.0615453058919724
-0.04191262504060525
-1.2522266448612034
-0.48594650401820677
-1.111938266783962
-1.1217161712417936
0.1493361213271406
-0.6400420711797071
-0.2335084144756882
0.4829754186359272
-0.006588017061985799
1.249484299958049
-1.7824903755398784
0.8420638031856593
-2.259428263830646
-0.6577712935881577
0.7991363277367649
2.3434968573353254
1.2573468150393876
-0.25873392576895915
-2.1198272964435554
-1.699159150258543
1.5933008645084015
-0.5643489683551226
0.32320774757632553
-0.012506050254040304
0.041267978374999785
-0.6210284236127802
0.18632055018683294
-0.383329475443915
-0.08002071753656924
0.3543344125087229
1.1246841607479248
0.15748288893492682
-0.5584068680280019
0.9108338655718481
-0.36005183291582543
-0.36478712000333946
-0.4930719064070838
-0.15510781392707385
0.3354507474405838
-1.244513912877748
-0.1126538597705938
0.24661861820949968
0.7311176254146627
0.12137401886123428
1.2225669824016772
-0.1585421342411051
-0.6658399311316863
0.037822597873708334
-0.04874949349702665
-0.44621769120074883
-0.29249071805868715
1.628712596010443
0.647672383204085
-0.6833732272639278
-0.5742010690605922
-1.1742500727721454
0.5524168706547669
-1.3138590426136725
0.4272933502801364
0.3650084567409528
-1.1704544160916939
0.09062100304818853
0.7902664826878498
-0.7471974808631686
-0.48487674071681564
0.2855194439763658
1.9911539042559143
0.7442877269639807
-0.3219450040806796
-0.02255742187355781
0.5407457061943242
-1.4549487102275738
0.046866268665500206
-0.6259391719030672
1.862415575921508
0.6174137588729861
-1.120062104984525
0.30147259126790654
0.3544012786981764
-0.5688152583326823
-0.3718065121196035
-0.3797282866296488
-0.48549123094513313
0.2433165648413997
-0.23302050622627338
0.6823418634985418
0.320760526345535
-1.2647356911784557
-1.1619882486559159
0.216627984630078
-0.6882804818898007
-1.6305534988363877
0.6529366882869053
0.9422296370687209
-0.9570335170332112
-1.4888086146563233
-0.5912036181958533
0.4324551348703985
-0.9465180407172172
1.70287997109107
-0.1708447760382145
0.9836552587972182
-0.5026488813692245
-0.22488425487002417
0.16129506883295644
0.7782929855948381
-1.6920613383383873
0.8632416225638018
0.6519355204383326
0.47129999179463855
-0.9381865102256236
-0.7882259726059933
0.06986684846243539
0.4358631561067689
-0.4475872562677401
0.7168798480908346
1.1346031201411109
1.0893418778684367
-0.1142999432495468
0.9436047879502621
0.33243180468063954
1.1690199365134317
0.09104866967034275
0.33466937930751406
-1.1102328022196823
0.7618688470109716
0.32845756208271865
-0.5244789836653976
-0.6974433476008254
0.454797228184879
-0.9107887178542285
0.5302085192639618
1.070438851964225
0.11411501788545479
0.6684546929098517
0.18515768668862595
-0.13359534081485114
-1.2572558218769054
-1.2008845443134044
-0.7622383476984269
0.60444454932713
-0.3219902104044552
-1.5651358973627116
0.5704286447565077
-1.218479336132367
0.14779301349864812
1.029310325293552
0.806593551905779
-0.7257748535001233
-0.06683438404098065
0.25533503585742795
-0.8090900767556939
0.7338370021447911
0.21696918626079648
0.06807592962563958
-0.6722833282412513
-0.20307631418508496
-0.15052722159203932
0.24259084718225993
-0.8459829546180361
0.32888931701175217
-0.22672453479149113
1.0833833503085213
0.27899629843099544
1.0933132180422092
-0.11091237241215021
0.614169270402966
-0.07204958484711167
0.5200407292824722
1.1372309291219356
-0.10138643478679314
-0.6087658127513623
0.817799683869032
-0.08979916416447509
-0.9014433113167065
-0.8127663052578755
0.7069553106358398
0.01961156809284149
-0.21211001631482573
-0.19709646373157994
1.1865857733766416
2.0509369166151457
0.3067018772468967
0.5147808368439857
-0.2603014178340818
-0.0715775298898544
-0.6981585623612585
0.01364596598008256
-0.8080093963364127
-0.9190526629207141
-0.4536341368783895
0.37611491657606955
0.16408191704705105
0.8066252666313689
0.2720340110922235
0.6578327762324094
-1.1156388155538808
0.008075842064535838
-0.5480767138883139
-2.41719823646885
0.01306839248131656
0.5688493573107148
-0.26876839429159316
0.35374533892293464
-0.5948164584466219
-0.11569580441513433
-0.42430188285315584
-0.5620670156988915
0.16988301368345995
-0.24455847388884722
0.04467586158949107
-0.997039200157062
-0.7657636332106853
-0.30682632143378286
0.19246220795766827
1.0801170804332227
0.6912410041056576
-0.19084988277749534
0.2708991228473986
0.5576593493623495
1.1236885362291402
0.7877044702774897
0.10683331521003285
-0.32828689548519985
0.21590111652273855
0.49123008061310053
0.23389148811657834
-0.7292939833578025
-0.31274554893966794
-0.2701632288745855
-0.19602595973439665
0.42237116581777323
0.1775176945763963
-0.48273079725947454
-1.569631857574199
-0.27700835930612117
0.599378546492408
0.5789301126906069
0.1350986262054868
-0.38805482190488344
-1.380583732890395
-0.32269769942954885
-0.3475975769792469
-0.09422666135485462
-1.4694849876552474
0.5434223588030714
0.7184967815695072
0.7032657719251101
-0.3052911965789586
-0.7761031516756306
-0.03476903704403864
0.6384704477416655
0.24127387752443655
1.5768392832961622
0.6139634912457128
-0.10588087089102426
-0.5524654561878748
0.31633056199462395
-1.4897936749232756
-0.3274403028855557
0.9248087914061045
0.2509620782846525
0.887287175901338
-1.1699778312318105
-0.9411692265148214
-0.1650934864822248
1.125898277831274
1.3633881970858421
0.6750167279948333
-0.5574443625646678
1.2597237386506106
-1.3783290801915802
-0.23696195560596486
0.8351148125617579
0.3153254166087573
-0.15249940273685356
0.10539271843301838
1.822733736430011
-0.366098315473016
-1.4616967678299575
0.08809180361687756
-0.04894059715004
-1.1588711024621876
0.9034771076161989
-0.8809304252446334
-1.0388848224462028
-0.1807104856211608
-0.8143915602877186
0.6158387039097083
1.379315720560657
-0.05879805378359295
-0.7079026965331138
-0.7063782388852251
-0.8843456104789021
-0.24060001556312807
1.2586464415902818
-1.3432689180269728
0.3849784794854916
-0.9968522714668334
1.0525878427206232
0.18103508704953467
-0.043261488869060054
-0.53327464319165
0.3164404358307202
-0.5590901767556248
-0.2627510069393618
-0.7150419919409381
1.1696486209456722
-0.979084859940555
-1.0796870427238865
-0.45244111717060675
-0.31154975436225235
-0.4420017555484493
1.2239889907052952
-0.11742270316280613
-1.2879556636386629
0.3101613548400692
-1.1162492459698776
-0.9601455709008345
-1.5193237788183547
-2.3384402339350037
0.7429194131434208
-1.5959382471704293
-0.5153814099826072
0.2977278056532146
1.5029849653457372
1.7455349338551398
0.594445006715114
-0.2876759493130472
-2.4308587133550397
0.06835155714731062
1.1635801251323614
-0.15150032947547915
-0.8005969214885402
-1.743116900278209
0.691395714907263
0.4757881882436049
0.5583198137285752
-1.1874166755753803
-0.7896957233802434
-0.9103677878227289
-1.7378131428016326
1.9628395282797975
0.8930553305071601
-0.156185180924367
-0.9114034617223008
0.32860714211086517
-1.4222251873989387
-0.8784941930610933
-2.3242263717424887
-0.6591035997769553
1.2239567798287194
2.1903664758416386
-0.5745256990450047
-1.3260265596913978
1.745675680194984
1.7475862234270516
1.3486986414627868
1.2792245745455557
0.04284535048336191
1.1011061361390424
-0.5835868549607964
0.0418084613167472
0.3899774981039644
1.283374339138357
0.07228811121873323
-1.0251423514766245
-1.1163196412289553
0.16933078645888983
1.4242363178021633
-1.3359506584986676
-1.6264464594704686
-0.4058159884416031
-1.1550529867982209
-1.175953880465773
-0.2053475063340841
1.5257081668547818
-1.3050672775064442
0.4047318071900449
1.623782659707255
-1.3632673315045845
-1.7692490739100666
-1.3926570857640752
0.6639398498075542
-1.981340384412132
-0.5729498881725021
2.032945133549442
0.05926068342583272
-0.18972329889763026
0.7486921781041862
-2.4169896390706453
-0.8245468142535675
-2.169828973215851
-0.016696120667719916
-1.615609016353778
0.8102352147247568
2.2673453084539585
-1.1158806327641915
1.81306774601549
-2.395688966653668
0.07298920504893824
0.11823002895840787
-0.07928729484667206
-1.6199895606919723
1.2887555420838717
1.7872208851308533
1.6738416766019952
1.9140025563434009
0.696434282661064
1.521829583157691
-1.3243912771248558
1.051047116452341
-0.8387006168390432
-0.8568144785909891
-1.8818319633109302
-2.323129116232165
-2.2628931956682647
-0.7847229653986024
2.1528662362932587
-1.7742633784033888
1.248494824464474
1.1989828203492592
0.11487774924593425
1.5511395458894623
1.6477652977878563
-1.442379604822516
-2.1450182092477053
0.7765661413043013
-1.3132800619061384
1.526591300813863
1.653881082076604
0.4145244130106149
0.9534351067300411
-0.4583987833338535
-1.6450276369872283
-1.2309505469598503
0.5922962745352636
0.08738186731114136
1.325931656374885
0.06572987630089881
1.7527825226204525
1.735772451077528
0.8342194457742997
-1.021339574640825
-0.6587308549565606
-2.174046520370881
2.179882824754924
0.5943128699138113
2.6415139690521867
0.15922254477067113
-0.5889450456555554
1.7769842189582803
1.1516030832587383
-0.759406010264441
-0.6363570239773574
-0.7104653839068044
1.633884030848521
-0.8396032535575286
1.0844301600162285
-0.22767335305347472
0.6236054210339328
-1.0620027108280192
0.037070681988705126
-1.4749063587045579
-1.7515319314117301
0.14677902465296225
0.03100126084266765
1.305180962402373
-2.030872069631555
-0.48143414651451005
-0.5323850316939834
-0.8760851909678252
0.4586466919284742
-0.21911961417841483
-0.6907495727276569
1.3400092972989217
0.12433949477566704
1.3355541319182278
1.2193355795606227
-2.390672113589516
0.7547712882404412
-1.0172631235965843
-1.1855303643856543
0.5000577069709076
-1.1143712230627925
-1.530079245303403
-0.6556622612185782
-1.5401170904437507
0.6710269790129322
-0.43139180557516976
1.5226348780653391
-1.4175452879005368
-0.9050990520850528
1.2779175828823495
1.956735069916602
-0.13673376270147997
-0.37068049190314467
-2.0351128014498063
-0.5043437690583684
-0.7752644549839215
0.3387785410880411
-0.26222099055338643
-2.1016381323029147
2.3500814299540362
1.1826880702085556
-0.6987396805274505
0.04718691346905246
1.6353557036924555
0.21004680530494743
0.36604442283901295
-1.8683171600819055
-1.8593909711436503
-2.378086088452761
-0.6044030415222363
-2.2903257899734126
-2.0507316811776595
-1.5611466491081063
1.004055509270396
-0.35131537089314574
-0.4025785823285668
-1.9073360592607747
2.919816341486659
1.8772051095087057
-1.2376257951053846
0.23092398557074273
-1.0559621716155712
-1.258518075714264
-0.48760303223233586
-1.0276180233414545
0.44632111791011747
0.5514335455718047
-0.49724120883739686
0.31292408281033984
-0.9519689159420995
1.939868961497247
-0.6751463295407804
-0.8387591102888119
-1.655078643000364
-1.5507345981215448
0.10779371856432261
1.1171078707073616
-0.8197413209383468
0.9092976128812715
1.1200219089387136
-0.6349525204815917
-1.6863941137803884
-0.44942676424135514
-1.6645119745373247
0.1553146854454797
0.9933619545715807
-1.6915843025381978
0.9508952110316317
-1.3573435780702452
-0.8525862781964823
1.4082251941197632
-0.2003237013750627
1.1373777815482904
-0.5135461168923869
-1.2721190532694169
1.6436801834256285
0.8154917141300219
1.4040178270024393
2.2894050132481714
0.06975901109211867
1.4497272770765788
-1.1560182388696771
-0.40774999060166217
-1.0691337649494435
1.7202929245240166
0.13439219851696446
-0.7545930623578486
0.4883887258545536
1.0988638332392466
1.470945580982221
-0.96239804565547
1.286798980679494
1.0358814384872241
2.403818167236018
-2.4672646862873253
-0.7281952828552005
-0.1021876388414049
-1.1267104566762218
-1.0402907062996596
-0.43034780105689957
1.043762225022973
0.04987041466494925
0.8006082619066209
-1.5248116593820815
-0.62422941573402
-1.4079128343801024
0.7212568198758104
-0.03499643340575637
-1.2894425106029703
0.1346903679146032
0.2640038641773146
-1.1905340604452452
-0.08806226816997346
1.4557867438777472
-0.7464362913054814
-0.1999908273722392
0.19864712287998942
-1.0240275084526835
-0.9601381500161994
1.0009874328124881
1.3320780967222445
0.7651504684851453
1.7759366424788285
-0.6844015852173206
-0.7645337826502854
1.4403986221229124
-1.0830606171229407
-0.04907951091636702
-0.39347102424835523
-0.11564117359701004
-0.5318148147794713
1.4964371696051753
0.9520719138858603
0.7146853974772374
-0.5569398334460406
0.8266544990366296
-1.4260986279333547
0.5201482006057794
0.007741016872839738
-1.20013741976797
-1.150221301425093
2.042419624345062
0.007539082231122077
0.09859169854822944
-0.31124392333742834
1.0343334955316723
-0.3366827512737844
1.4670518591071617
-0.46767439934901883
-1.689327867428747
1.2086869420634816
2.010946204034774
-1.8369210016369908
-1.6241074482248892
0.8608555971208434
-0.04263628483558301
0.16483667838948593
0.8882937707524017
0.04996775296806325
0.4218598104554254
1.5870101111329014
0.9746050552969203
-0.9878326960201697
0.4696988703484855
1.0442588985634198
0.9922357909923977
1.1928225268666195
-0.9388883648557091
-0.667205869717532
-0.06872301704629698
0.846584355992711
-0.8646081699469248
1.9336222910109206
0.7262832562121508
-0.5781638797782097
0.9784803204458532
0.6726255781322159
0.4662963693268436
0.5696621202251456
-1.9032429962400026
1.2562447422753666
-0.4441787443189205
1.2755873701684433
-0.012948967249572793
-0.1839603687004811
0.29480875755090813
-0.7718588083162558
0.10314649215345231
-0.49156923896292715
1.8620015477762029
-0.4209128932851344
-0.891248269943732
0.7946454174317192
-0.13033844537901657
-0.5759496857959318
1.0211855575388156
-0.12947240860886264
0.01907639000603446
-0.8930979730381323
0.613775577595882
-1.1343944379366544
0.7296294895371865
0.8747686186229611
1.3410934025694026
0.1379452923877794
-0.5444659902050156
-0.3748453634934983
1.0135418715264968
-1.8395646083705601
-0.03529782884063042
-0.5965642649952269
0.1200732716134675
-0.4937213968416494
-0.009043697097050291
1.492573638635907
0.6186711520115838
-0.8604295535937396
-1.3830395057636693
0.29492556988272645
2.4618027626320496
1.011097968164906
-0.9345078517682969
-0.8624029002732355
0.2743593845493419
-0.13022941728892323
0.870882289616573
-1.141076334813305
-1.0794130744821722
-0.5245566846264645
-0.3842206715976379
0.6047678126772861
-0.2584077351840654
0.517333927416474
-1.4157228535340758
0.5896404663243465
-0.11417804423758877
0.7416935630686793
0.014776311562968629
1.1446613113741757
-0.008103066917875818
-0.4086931225212701
-0.8181556472214043
0.9873549578441427
0.13306949167882132
1.633073741411486
-0.7829697021655843
1.2854097251296643
-0.11401398999054
-1.5322743785011197
-0.246158768952546
-0.9735392302764565
-0.9828681816550083
-1.9391495324022312
-0.1656300599257535
0.919818229421813
-1.8502837380344916
-0.05620331762550562
-0.05620331762550562
0.49479875316485256
0.9878290031607034
-1.759833142557771
0.9829895527353144
-0.5341613335550379
0.8841825563760547
0.10541408665350864
0.521447910322816
0.9780029282998816
0.19072524341862135
-1.0908923402646908
1.1121700020899727
-0.5308385759917901
-1.3325238138640239
0.08936015586563242
-1.3233132493282438
0.6174731368066222
0.8804895380703023
-2.319633324239407
-0.8647585426957525
2.371593067092246
1.7468455671026635
0.14007306112162643
1.4286437232178273
0.4378343919085303
0.1930165509665695
0.4560977907768135
1.1116093574706598
-0.3190554430050611
-0.6572189503988697
1.1017980395235982
-0.4558464210595678
1.1806286713087673
-1.0268912153685927
-0.22802156731247353
0.911888686748086
0.36851442624073655
-0.8782833846309012
1.0333711168526865
-0.041832523187489215
0.38228694649581263
-0.3392218599635912
-0.34493236622047696
-0.16249756979881164
0.36056713601039453
-0.860782182854377
0.7733217539841205
-0.9376787483228362
0.9066043586930123
0.18343449919202234
-0.6557482088053012
0.5998799445155623
0.5040136200888434
-0.614980210068872
0.9460775835470768
1.3589167281272008
-0.17871772806528616
-0.6816301725591624
0.6352571575932169
-0.236257550924817
-0.06078466000685679
-0.08947431203943139
-0.03789352982160402
-0.6049056811023893
-0.7885500255872375
-0.6281618218766165
-1.3748628657861146
0.23479425011687793
1.335598449637709
0.8400972333673445
0.8696883832014121
0.5153122169877009
-0.2771409264228283
-0.6084773194526824
-0.6101176805458194
0.6573864363561581
0.6659312478916797
