0
-0.5015200340265376
0.6902549626359635
1.4404660011361563
-0.36621118200956887
-1.000991492038612
1.477788338799673
-0.1888655742128077
0.03325570028135361
1.3983571726792776
0.60968929652841
-0.5254032854146715
-1.04998111054821
0.40056878910200894
-0.2810576628799094
1.6264952671008865
-1.1201000662188783
0.9707369681629643
-0.3261687788179468
0.6634542447582056
-0.29410700562851266
-0.4227278138157024
0.7900581370932332
0.10951772361155833
0.13798597339575802
-0.30548135206258226
-0.6613106908264813
-0.12872428996788998
-0.8760552140048307
0.43985335176759655
0.7132773300887036
-0.9597435104981206
-0.4421623516259618
1.1395541680399697
-0.37174965362214357
0.6532413352638906
-0.3492500914677166
0.3616639580095513
0.26592262272117423
-0.6527380127949319
1.70137070108737
0.34821221146952475
-1.795265479137485
0.6842253588858589
-0.8549366696459767
-0.9167044374194425
0.17379434139464142
0.266739075873556
1.2439122468903294
0.0892298299392069
0.26756528729117696
-0.2692290946543538
-0.3436841592115303
-0.5731648159227439
0.43309267430819803
-0.12759362685656853
0.4908419398698827
-1.8020128499008088
-0.34216345760474226
1.2963102913202782
-0.660928695537584
0.7438631752165791
1.7225708599702165
0.5746572560814298
-0.9975087958016159
-0.7868771474979672
0.8303576091530823
-0.41663076273558597
-0.19244616748572743
1.0223207638379181
0.005469155970681542
0.7418344472570391
-0.8315338564117091
-1.0708548040716888
-0.8266755550545115
-0.23677612953673943
-0.24983122559167847
-1.7744686495709718
0.03163485696583112
1.1671990844518145
0.5808235081153406
-0.6752554009988758
-0.8968130537391067
0.8300340802698282
0.731341542977716
-1.0345369356611571
0.3084326377107234
0.0738877653262634
-0.8324106160679623
0.37364996643802484
-1.1897155349779343
-0.9498279648783584
1.7787842300350518
0.32930754353963704
0.19307646751189544
0.5003233256101902
-1.1991347224433415
-0.12164463031170854
-0.8154727863638007
-0.3279142147346448
-0.5553873959053273
1.358161199644496
0.8707744423161808
0.8412239793107988
0.22166690423409222
0.5206865760185356
0.24591490151577888
-1.338858030109256
0.25806713401904763
0.9987198770226201
-0.3747448031859674
0.9346687413168676
0.09693195872679465
0.7795729116417395
-0.1678129778007922
-0.5982215290522023
0.47819005574138196
0.13183447471693607
-0.21509544356031834
-0.8285163876388896
-0.8920845541283509
-0.10158995969986102
-0.49861826408469173
-2.3622203524285976
-1.4126272025402529
-0.7071339853055074
-0.5515186211771562
1.4313610744467877
1.152573951042395
1.2208877950396815
-0.47395724502480013
-1.010011921361434
-0.46794098981583243
-0.5568250802803774
-0.12115945451423552
-1.5459382048311978
0.3900589622936327
-0.9288177721764487
1.553556109230985
-1.0878959381329814
0.3060266559824323
0.2231456850687129
-1.7385310872353967
-0.5750446519817615
1.074240873564035
1.0032245668277402
-1.4872505995116363
-0.21556095182290194
-0.16286416321712088
-0.9213487217788091
0.5795597815282761
-0.6688539478407253
0.11440758256722088
0.8020921028650285
-0.5272822756789597
-0.7540702381179073
0.3775244016418326
0.2927484636856519
-0.5428302954899404
0.6771563442511929
-1.0657421081200482
0.02775296015486366
0.08742341298768135
0.8599124806983057
-0.0032763886780450575
0.6988615559483621
-1.1539581512152841
-0.8517582841330231
-2.052109404030523
-0.8936136258783466
-1.7503696183254793
1.5946887051496004
-0.2883436588542584
-0.06756311433307005
0.8066340911676046
0.36011909088218796
-0.30523393145962785
-0.004622121231778745
0.8091038966340041
0.304290970341255
-0.680051944707942
-0.6135580874592287
1.7433770267379072
0.41750325147224837
0.43563844194772894
-0.23833346070497363
0.35176114689202204
1.0925080155990863
-2.151307883480207
0.47605277857574363
-1.6973139218077962
0.8022161051677825
0.016096518858776134
0.9230276624292885
0.8548001190657464
-0.14007204280828836
1.498252662587305
-0.6912947905975229
-0.120279549843936
0.9824829814512539
-0.8299553665243606
0.07854189717475044
0.16852653851510146
0.341927964332785
0.42588449216056223
-0.3787071761260923
-1.3946986841422269
1.045492488612141
0.8775688051765816
1.1104467563223208
-0.020504192771997883
0.40689987592414134
0.9926016991901865
-0.21242743718567592
0.7600543714427128
-0.49848098416106873
0.5229902334511061
-0.21882018989266624
-0.7343533891015196
-0.6404483274258875
-0.3203359658398981
-0.25455303572422444
0.7064333640919307
-0.7876758217004179
-1.4104622233294095
0.9347729756717046
-0.1007176122332344
-0.016051473070699044
0.8994744378246083
1.5185096210779936
0.7854515615254218
1.4729971620300204
0.6611607681530031
-0.5804956247249151
-0.011634074122539882
-0.10323144142475794
-0.5494426501064912
-0.875283573802244
0.012325876979132084
0.9071733913924298
-0.6177105057013095
1.3029640859009035
-0.7507997965396668
1.1140874987508753
-0.5480342352410607
-0.9762386711062846
1.2757624069162747
-0.0576139301238803
0.039484224078282296
-0.08976825759973651
0.1503528371320605
-0.2430038471886136
-1.5635710342924896
2.166304195704359
0.488025971016492
-1.3445910790063957
0.7638345457349786
-0.7654882755348061
0.634723268027534
-0.39252001604208625
1.5304361609058492
1.3197926222236385
0.06505743461378238
-0.3776662051816306
-0.047844578442698335
0.5555955191467837
0.34813715554002417
0.7881206229019593
0.18072231410639972
-0.1511548590086868
0.9130480104759792
-0.22220195927286623
-0.04791722141406318
-0.764568404417917
-1.3736796691790878
-1.1442942260941904
1.8767316327167887
-0.9888830914125004
-0.37147175087879625
1.3697863761796993
-1.4445158783618053
1.614935171352579
-1.3307747345932397
-0.5278586560576903
-2.140686142552808
1.8089382872642825
-1.6445096242567496
-2.3576154046938265
2.0782846021573422
-2.373468620191969
2.126397413920933
-0.6686021905097369
1.8556683759577233
0.10726058549943164
2.333026315764924
-0.4237920265812314
-1.7260045545516074
1.974512314540615
-0.8103828988456174
1.5673482161849916
0.5846681422788308
-1.3922142791996883
0.764893246275028
-1.1065432465112752
1.7921635533949454
-1.0041364094387482
-0.17095472461146236
-0.0777526565921079
2.128984991048582
1.6501738516121482
1.355131835965619
1.2415064902380126
-1.5899504401085836
1.419892449105965
-0.4337195643573775
-1.3284248481076169
0.6009110165454955
-0.21830346434985243
-0.44133382861039183
-1.72175796323123
0.9419822817979552
0.909212164274759
-0.5615328335656276
1.3353255289513852
-0.41924098294149437
1.0302121165474505
0.256293516601362
-0.13496603425009954
0.5396996790042778
-0.9809850403342559
0.7111366176653279
0.4044648195273421
1.1881207600301007
-0.19609625729391678
-0.188710447893221
-0.384083805379535
-1.2370442161963369
-0.7935707539644734
-1.4985163941493598
0.5905609015283202
-0.7644815579958049
0.7229091387334415
0.7031549004032868
0.1611145140335893
-0.6441653357965506
-0.9098404289200877
0.6095560589648459
-0.03630258527021163
1.4349792018283094
0.029484604212560533
-1.0179085292493373
-0.8777085082939093
0.834165814668082
1.0984371802446944
1.148008835060946
0.22545654216588296
0.4106755845500874
1.3472286649580407
-0.20859895228137182
-0.9069592314087295
0.8251111708832428
-1.8857150042324353
0.41462143610515795
0.8163588253895234
2.0851319758348654
-0.9056236451728894
1.4688368217357906
-0.08938550981871295
0.9184936148400862
0.47064449721646945
2.325153909311751
-1.7437565466032274
-0.0828454188127976
-0.16912923912938732
0.38472448773726164
-2.222401626213853
0.898439738191252
-1.1967137721160261
-0.05203667173637385
-1.2206640708786183
0.2974282313064733
1.348894181396467
-0.7150257886047197
-0.42713547088099274
0.12598476542873047
0.31766114558212666
0.9400989299802808
1.015210543974409
-0.7307270966236749
0.6537961443681051
-1.3165703943428109
-1.1268876710185662
-1.5037242815974046
0.858774963037101
0.5894648059032397
0.13109599426287744
-0.05787356928077025
0.9303714298081437
-0.7390136033922572
1.1842969211014631
-0.5769177660276192
-0.3676917333593364
0.1790100439964693
2.518369495195469
-1.6391591873077378
-0.24000321461279647
0.5153201362643853
1.8105330372294055
-0.35109282095098426
-1.9000269692989047
-0.9201633306466509
-0.8709872698637925
-0.6726440395914733
-1.6445274963407217
0.13266478454038766
-0.6243651980755791
1.6326042397294773
-1.1944979611642785
-1.3177878967970393
-0.04887654108210468
1.5170920417318445
0.3825938456746036
-1.7284221801406612
0.25710941495666395
0.9694768110546301
0.7525316244808009
0.28221049253524966
0.6317559526078609
1.8999659301304408
-1.8371168662036945
1.4460947266318542
-1.3222129584413147
1.9267464849728988
-0.28476856358031716
0.6783186126502541
0.006701550760741157
1.1381570458938501
-1.121464061971043
0.021444719698735824
-1.0198298053298673
-0.030604154724813096
-0.5155214591385294
-2.3148903999200297
-0.40332998651236635
0.31432089575097766
-0.0284199280490545
0.05022591878780931
-0.29149521380473525
1.515597880681198
-2.0690647275152334
0.8256834048901692
0.3215487318969627
0.9425865426400604
1.398765326141124
0.07366768190778657
-2.3415316861647733
0.9689993633238905
1.0088748639932887
-0.42063612734038386
-0.4175545680294058
-0.3996308062324792
0.15647981126641658
0.10748047929906415
0.29548808572882523
0.3620493167364418
-1.163675637169454
0.6261596789646925
0.20943514290006124
0.6253230949152369
-0.09032810874732874
1.2106782176453015
-0.14259992517350922
-0.6053875430598693
0.05666817721290605
1.4501348289788618
-0.32249828492952426
-1.5965894348179424
0.7212197131577986
0.20440952412851277
1.5535539926429036
-0.26901633913572287
0.4585735023007262
0.7298618239857287
0.13771736007127747
-0.5355489912554312
-0.16400031991768155
-1.1902505143511175
-0.07343697770221612
0.4780474893678333
1.0328651104438908
-0.6162229244739528
1.3205444299869589
-1.468472048306844
-0.21523413589288606
-1.6437707868454914
0.7811593455179892
0.14151804110792407
-1.0912396537175573
-0.4996643539906625
1.1768735005750157
-0.6810383996594888
-0.3052581887451839
0.3733298244519017
-0.5696194969607813
-1.2304104347574485
-0.7345568820496639
0.4382420370712046
-2.303668692944406
1.248041568547029
-0.5977998130765281
0.5987614860968777
0.7884741929364124
-0.7937997839722082
1.0656825837497061
-0.14621270461404817
-0.2768905214274838
0.9570694150280361
0.3922443642264927
-0.5496035639315924
-0.11055298169611302
0.0484703638456589
-0.5501867177744728
-0.2999945686668723
-0.7229569647481249
-0.621509871511172
1.051853693286421
0.6325594188182823
-0.6333653365998687
-0.7130713149828692
1.008042308687631
-0.27242038534990864
-1.9107729087316274
-0.9088337225750882
0.475131407851841
-1.7961440336856918
1.1431951776323785
-0.2061068494152662
1.5075434506825605
-0.49485838421291545
0.2063559876810539
0.3574561817449779
0.011286578779790881
-1.603854773552237
0.6986228428389315
0.9907420064977017
1.0422144359002765
-1.2753630226664074
-1.5201072188209324
0.4938794679424468
0.5493072785355273
-0.07834125308064686
0.7530852135299948
1.4070825923624206
0.10235008743867892
0.351659436054311
0.21402185397536122
0.6536019406729989
0.04664948707193611
-0.2414216469187094
0.06148657104180617
-1.2092939070392346
0.7948497609999606
-0.25918448720166026
0.6838397924544163
-0.4585952188033662
-2.3276422918244846
-0.03514791473924439
-0.33665151927426956
0.44459905477426953
-0.47933035074758784
0.07632956190223326
0.24360231881594024
0.41931657698725866
-0.44115169219974937
-0.6057562902601779
-0.7026322329779435
0.3454798702526533
0.411820692826877
-1.5039981071417836
0.8056681174312769
-1.0122653551552676
0.17169957641907513
0.6504553925057295
-0.46631235899240514
-0.2884061995273521
0.13845511290521906
1.2244163936502224
-0.38765956393619777
0.4807757651396362
-0.17009297705932028
0.08636941281942342
0.14275369166030466
-0.11993057562655339
-0.3810743320727345
-0.010665448593997503
-0.9726797290056255
0.5164275822073597
-0.031906427886496315
-0.24281852135167545
-0.6675613159553718
0.14403320711665377
0.14886506627653023
1.0369347597844862
-0.7990939389504876
0.03380607910448568
0.5737843611594261
0.2427425138670891
-0.38729471221664635
1.0737044373352131
0.3773530321223479
0.49620453676007803
0.8137762116004128
0.5354091414958253
0.019264089281684108
-0.5113335840816697
0.482593706255349
0.013920056654312538
0.6751158389805348
-0.5419638317147011
-0.4987681428065637
0.466152562916476
0.11110618741110613
0.31348216229716824
0.6383127500926686
-0.4720703234966751
-1.1412114060199257
0.18338491496254863
-0.14024045489377898
-1.4612343853626255
-0.1997961280239302
0.35043029142643684
0.09052714003929094
0.22504143580263594
0.009825289697128247
-0.50008149093441
0.3238052651525107
-0.2476720260252472
-0.4360560169151249
0.612104395593753
0.6934430830651829
-0.4281657580816268
-0.07957130915544589
-0.41045007037157427
-0.3511951273626668
-0.18102817260705317
0.48796702012523313
0.19092992866276984
0.0757029273511024
0.2781952585785615
1.6419378392855506
0.2861542509935155
0.5595844735784128
-0.018522114375536736
-0.5445167837816388
0.22070040363516832
0.7495645545335737
0.6203441751479322
0.2597148207989117
1.0326629968537027
0.5281348179682908
0.1670570739711222
1.1770238928956758
-0.07825617067940677
-0.6997702309114611
0.08118701377300946
-0.7860114898854512
-0.9657196885310559
0.42173891412409387
0.31077554140413677
0.24117303074006244
-1.1558009557786992
-0.21712852337515318
1.3077470813655925
0.21046267547532618
-0.09465472425400412
-0.0058428039207968656
-0.7338116736219761
1.1215590362852956
0.8848305690401624
0.21750292038693422
-0.799068481152652
1.8449626168949296
0.33593044245537557
-0.584954036141942
0.045383366705586646
-0.4625347663490284
-0.18538424916143875
0.3776918043079733
0.32216544756167503
-0.4532100318666182
0.7311684519856236
0.0576512756328651
-1.0712800393760111
1.6858632738289325
0.8350648808541161
0.4950798387111499
-0.24762990356669545
-0.434362309910615
0.7814699369136955
1.0807431356793527
-0.6638473308514424
-0.2695974442004398
0.7370653221410683
-1.337174251323681
-1.5000335807551575
0.422877286864478
0.34443839999455816
-0.6903320008952964
0.765636953689609
1.5514991586172027
-0.2549700837350051
0.5644365382380506
0.3115759263485567
-0.6969961776904574
-0.25024562081021784
-1.3363636802166072
-0.40256393554464925
0.3242562806877855
0.529490569321476
-0.15404384100063595
-1.4685381696956954
-1.6069633335910962
-0.1218451255030854
-1.1404078924792516
0.8215596223089536
0.9805611263582599
0.19525872754173093
-1.2890892251698638
0.0378694885947546
-0.6032171488311561
-0.5596526261118442
0.5593156146435545
-1.133801576765506
-0.3758591133637809
0.5683331401895131
0.8848417598670452
0.7311736670169691
-0.035513191546411124
-0.09862724482442808
-0.21478782337535826
-0.037013129967597945
0.11416664563798908
-0.7868729174883625
-0.43667472555041853
-0.5380099334393939
-1.6712609749126193
-1.22332136713858
-1.0896722606667113
-0.13416162769275494
0.06898576877026602
-0.35211553770432286
-1.485786063007331
0.5992780820777346
-1.3204288902070713
0.47071348391539675
-0.7297387452287899
-2.559999547755333
-1.2539923002031248
-2.006404998803618
-0.9168466497522739
2.214586470558375
-0.32259603614144394
2.4867136763980575
2.130216095720632
-2.133099625616642
-2.0564113445467305
0.5337225397944315
-0.9747540261847217
0.17599558433066542
1.0526001293699183
-0.8020811377703674
-1.58779085617717
0.6381706724223376
1.1793090508719963
-1.1302040762449237
-1.330055146749225
0.5683656676690116
-1.5572848196949383
-1.2621096841077029
1.9941867131454987
0.0811374258658485
0.449972068673213
-1.0383475204530164
-0.8047656355222157
-1.4232002908017964
-0.8601170444102194
-1.4298305101844972
-1.1854319221755705
1.779133876915894
-0.2983220335568981
-1.8310729462037376
-1.2935154790734087
1.5611938630925433
1.5990626787495257
1.5682653807787865
1.094058779461841
-0.78827956343174
1.0196677111928047
-1.0857399929024634
0.16073574390474005
-0.2631977551424744
0.597310631457155
1.4547769907264567
-1.2663415366632236
-0.9068474612774335
-0.16409643759910006
1.741210717401949
-1.3404497461847469
-1.4113370788290802
-0.8447420983861011
-0.8635978686127685
-1.0913653546529465
-0.575528722079108
0.8638743096294266
-1.2704281363690169
-0.4919480390364997
1.3528933667518666
-1.5500067952933345
-0.6409105759073088
-1.2537429953405028
-2.0412543788403013
-1.9149351315055894
1.945687189079876
-1.826176468815936
1.7333300240309018
0.08818763928177906
0.9694122840340239
-2.3309676652076803
-1.6446431819898844
-1.769582107209073
1.1335635645344373
-2.188706699103175
1.732019538991071
2.2422795726342253
-0.32105029093414994
1.0027131996991994
-2.323298954394701
1.4696803848171185
0.7384864618999791
0.2873502058670802
-1.614286310607996
1.6353302949104167
0.893463026733291
0.9337448447395372
0.5445572746425018
-1.1269655024017633
2.0223391271429785
-1.3691423234975337
-0.47690748805618044
0.3662285274828096
0.9878048892512322
-1.9127789806777395
-1.9439125004377618
-2.3258539144695036
-0.6487317948407876
2.213907785034489
-1.605471754449903
0.5970511803848285
-1.2595798805503997
1.715177698101395
0.7422848598481723
1.791899002249309
-0.46555977773238777
-1.9313062238642602
-0.3600002577891608
-0.9658297766282543
1.2394942730964016
1.3784873863660878
-0.5040030740142226
1.2114508876548085
-0.631871471567922
-1.9570384217661907
-0.8179695664923609
0.576707040154304
-0.5205382614539711
2.3309716183237104
0.4522516402753448
1.9154217082235447
2.1848581952267967
1.4207872144374318
-0.7647261846216095
-0.45689620725482544
-1.0413043366332535
1.9723652537800542
-0.17735345186053275
-0.26346780586296037
0.28581184310175023
-1.0470240286702603
1.0778653953184645
0.6589542816257227
-0.6794479673264353
1.259935626575218
-0.7553006655972379
1.9974381715612202
-0.3067657920037055
1.1694285646525011
-0.0619529942409148
-0.6849271046324772
-0.9210299501858573
0.7750591274861949
-0.821599550385625
-2.1354573502083696
-0.45863409994286586
1.029398603930306
0.8947243495039432
-1.8217657753413228
0.2828198172466816
-0.8692365926657201
0.6283394318596895
1.237070995582091
-0.8545778606467757
-1.5078890882830156
1.7432735212884034
-0.3500754487579148
1.1591413116863616
0.6077026783222477
-2.3319863065239224
1.1793168916304242
1.7902813155919
0.9513623606427017
0.6935307197829496
-0.17625090693027876
-1.2026720526684311
0.01022172811824847
-1.8015010492045906
-0.533924668759127
0.045835608529533854
2.3827822140523605
-1.1024143293305926
-0.891866853660915
0.7261824867215012
0.35039789326240517
-0.8379701155505151
0.65437884202951
-2.19008746767145
1.0552672796472673
-2.28986590073621
1.3169209572317961
1.86210232463853
-0.5563685104918379
2.0624835138890933
-0.8630389446282863
2.635009043734695
-0.7717478350357191
2.316194420968401
-1.2009086504625262
1.295524361531611
1.1241700247219568
-0.29807752276692184
-0.22255222136566208
-0.6570627933736195
-0.8760851457394944
-1.8783175469595148
-0.7161635267679831
-1.4030941390423157
-0.4355948248822511
0.8830773178280881
-1.4806820037707187
2.3141212133648112
1.9023311555234717
1.345948080853684
1.5016723268314833
-0.6728530320846317
-1.5446403543471574
-1.2074719124695488
-0.5254265985978486
0.28129667073000236
0.7808411237335718
-1.014231337161292
-0.761150230700791
-0.0611635765900207
2.3562113299489833
1.5293509405407404
0.5191972348403489
-1.192087964941802
-1.1069022996066593
0.4430407693119186
0.2947403113780025
1.3442413410865366
-0.7488671075646397
0.7613872585082588
-0.4046502472674383
-2.341941815401902
0.033446444410291806
-0.4293458356834008
-0.042180355702707346
1.4011705926364488
-0.05897057083232522
-0.4817938188394422
-1.581886773751253
-1.2416248723392296
1.8238527822131596
0.6173929535220348
-0.014462161397164039
1.757890733327963
0.02447594435201472
0.8877317453758689
-0.08406116971749904
1.5789271718598439
-0.06663159476486225
0.4188487978480234
0.3947322002221752
-0.9878160637929234
-0.009878272173329464
-1.4474587649515176
2.3429422614682793
1.6668674882232446
0.8418329121128465
0.537225047878394
-0.43559908109483
-0.5775863108831885
-1.049692411137856
0.09204705810607104
1.0448071939211225
0.6415116370544418
-0.15384236297146817
-0.6307397421286371
0.19778644499458292
0.5096276285046759
-0.6147345262812239
-1.7254433522900543
1.3630240245850958
0.1909250259472475
0.19740715101001877
-1.3633667763544461
-0.40496264805781657
-1.3790480462630774
-0.40060544870615733
-1.485476363085186
-0.9985903350308115
0.870849503822665
-0.15692475920454768
-1.2798751926134015
-0.2715550017491042
0.5049585244340019
-0.5159545950824905
-0.5894431084947509
0.5127439072256512
-1.802656977168708
-0.8457601954501792
0.11562699405573586
0.24235813304550394
1.2763373592893548
0.96688138905332
-1.0461940277644166
0.26180311273749757
0.09412706149384224
-1.6406185346611695
2.368798069030047
1.099502218900161
-0.13291084553554816
-0.6478058887580527
1.131962486355186
0.9067039297811528
0.9734501443700653
0.3930184632425213
-0.23453848938721372
-0.6492335026999168
-0.4601093842656767
-0.07396841672890592
-0.1398918999142775
-1.049553395750693
1.7009704526399165
-1.0779534883234518
-0.8691193552718268
0.14008155106207085
-1.4297306455418817
0.3417143801618402
0.39219445602468683
0.15498233836813258
-0.9738942805971935
-0.23231830257696232
0.6983270835035248
0.6004612590393281
-0.8783347260337245
-1.0066214655250385
0.2671974168443433
0.2203878726618939
0.3073879946080076
1.126850401004455
0.13130090471971254
0.4687452983048936
1.193802856399494
-0.70327986914959
-0.6126998372101458
-0.33772461914419794
0.8740509859574429
2.3791308264743307
-0.7984084394540745
-0.3406076385453942
-0.9472873775602855
1.0964861131822037
-0.8021180779295126
1.905599711789781
1.523996337824009
0.2795318833620316
0.9435263418611203
-0.3485190149342004
0.3758692948163912
-0.544366930564713
0.042438141609341264
1.0785217189951266
1.120151712480079
0.4449751747271623
1.1897209899253989
0.558394901059823
0.47695904187044913
-1.3728135317298116
0.3178536099591543
-1.154077723549836
-0.24573621141654245
0.1801319766086585
-0.9385799697272793
0.12701794361114357
1.3102603378375468
-0.2046857862308393
1.2229730235751042
0.09379098390743244
0.48341219267744207
-0.7906432181317309
-0.10237191968417592
0.39833652943201864
-0.18829038119941519
0.41704502793255155
0.6679808777739151
-0.9309608127987867
0.8650420893437935
1.900462922370076
0.2890580472378547
-2.3393722257985976
-1.1154728528701612
0.08641717443333634
-0.09807961915675027
-0.612242546364893
-1.1062995712822992
1.305930090528431
1.3333079647452057
-0.06376425076995601
-1.009481599072367
0.1453591634304992
0.04944697755245234
0.9869607302859299
-0.29550671224768615
-1.0597273095919573
0.11306149831485798
-0.9480268090618872
0.688599177377685
-0.4891269419123651
-0.9579422562658034
-1.3755954693925179
0.18719375023659596
0.4402067319803302
0.5686024202579958
1.4390724542963944
-1.8839563254146938
1.023758490354024
0.2429622282189771
1.220429053531273
0.5178569816868089
-0.13801548385086682
0.6712351856900047
0.944425098676638
-0.34421726967955235
-0.3126486258062555
-0.06222168226620596
0.28306300431094195
-1.1707512752507672
-1.9591626171522256
-1.3254885922620596
-0.46178698467596907
-0.33904298843677816
0.21569343043444925
-1.2206098821790592
-0.2947041881763189
-0.5817593366293514
0.626318534380694
-0.7157751062924248
-0.23386563428061688
-0.1797150156461864
0.16318698966398518
0.35580554428965294
-0.4834842453383646
-0.006978884039818335
-0.5912564401121339
1.0770318895251656
0.5507163775471219
-1.458933417856918
-0.9848521898335899
-0.6554901795318187
-0.7598714288943679
0.6835695676454879
-0.7036453380213525
-1.2782207729272268
3.127581387214409
-0.1139683560151883
0.6996761291933323
0.7893677127841205
-0.319426138935162
-0.929176850599064
-0.7001426407879795
1.3158700755104284
0.19273702442677879
0.9671327847738477
0.5124948017738317
0.8455406515507419
0.2669565043229251
-0.037914423728999294
0.22582354573780716
-0.19073206252653258
1.1914476802422864
-0.31152036566025704
0.4302474271223188
1.2612464670661736
0.5162724467820257
-0.13330660567342478
0.8627603448501435
0.031449242929021314
0.32242975689626346
0.16112159506271034
-0.06455568271023414
-0.04079504229946365
-0.20741678241710862
-0.35414900965142065
-0.8656042959423651
-1.2342543633993523
0.12785690801756605
-0.9216560060337271
0.5597329752979955
0.19157782370845303
0.6405544004394275
0.336114012942742
1.5064956827472598
-1.0457100946504472
0.23069321575861243
1.2675186020026306
0.8596639809084331
-0.603772867045772
0.23405221309795415
-0.5083748343993759
0.43179743630949396
0.04315546098334828
-0.15048102770962984
-0.38006629521462226
-1.611006651726025
0.18533546940321358
0.4438192066252722
-0.08810571684329024
1.050654126385091
-0.3230778342631896
-0.40268021349767336
1.2398442583368976
-0.031055946609157264
-1.0933916076241272
-0.10956724197087668
0.4958748823020267
-0.2582352732231987
