0,1,2,3,4
0.0,0.0,0.0,0.0,0.0
0.6744897501960817,-0.6744897501960817,0.6744897501960817,-0.6744897501960817,0.6744897501960817
-0.6744897501960817,0.6744897501960817,-0.6744897501960817,0.6744897501960817,-0.6744897501960817
-0.31863936396437514,-0.31863936396437514,0.31863936396437514,-1.1503493803760079,1.1503493803760079
1.1503493803760079,1.1503493803760079,-1.1503493803760079,0.31863936396437514,-0.31863936396437514
0.31863936396437514,-1.1503493803760079,-0.31863936396437514,-0.31863936396437514,-1.1503493803760079
-1.1503493803760079,0.31863936396437514,1.1503493803760079,1.1503493803760079,0.31863936396437514
-0.887146559018876,-0.4887764111146695,-0.4887764111146695,0.4887764111146695,0.1573106846101707
0.4887764111146695,0.887146559018876,0.887146559018876,-0.887146559018876,-1.5341205443525463
1.5341205443525463,-1.5341205443525463,0.1573106846101707,1.5341205443525463,-0.4887764111146695
-0.1573106846101707,0.1573106846101707,-1.5341205443525463,-0.1573106846101707,0.887146559018876
-0.4887764111146695,-0.887146559018876,1.5341205443525463,0.1573106846101707,-0.1573106846101707
0.887146559018876,0.4887764111146695,-0.1573106846101707,-1.5341205443525463,1.5341205443525463
0.1573106846101707,-0.1573106846101707,-0.887146559018876,0.887146559018876,0.4887764111146695
-1.5341205443525463,1.5341205443525463,0.4887764111146695,-0.4887764111146695,-0.887146559018876
-1.318010897303537,-0.0784124127331122,1.009990169249582,-0.23720210932878769,-0.579132162255556
0.23720210932878769,1.8627318674216515,-0.40225006532172536,1.318010897303537,0.7764217611479277
1.009990169249582,-0.7764217611479277,-1.318010897303537,-1.009990169249582,0.0784124127331122
-0.40225006532172536,0.579132162255556,0.23720210932878769,0.40225006532172536,-1.8627318674216515
-0.0784124127331122,-1.318010897303537,-0.0784124127331122,-0.579132162255556,0.40225006532172536
1.8627318674216515,0.23720210932878769,1.8627318674216515,0.7764217611479277,-1.009990169249582
0.579132162255556,-0.40225006532172536,0.579132162255556,-1.8627318674216515,-0.23720210932878769
-0.7764217611479277,1.009990169249582,-0.7764217611479277,0.0784124127331122,1.318010897303537
-1.009990169249582,-1.009990169249582,0.0784124127331122,1.009990169249582,1.009990169249582
0.40225006532172536,0.40225006532172536,-1.8627318674216515,-0.40225006532172536,-0.40225006532172536
1.318010897303537,-0.23720210932878769,-0.579132162255556,0.23720210932878769,-1.318010897303537
-0.23720210932878769,1.318010897303537,0.7764217611479277,-1.318010897303537,0.23720210932878769
-0.579132162255556,-0.579132162255556,-1.009990169249582,1.8627318674216515,-0.7764217611479277
0.7764217611479277,0.7764217611479277,0.40225006532172536,-0.0784124127331122,0.579132162255556
0.0784124127331122,-1.8627318674216515,1.318010897303537,0.579132162255556,1.8627318674216515
-1.8627318674216515,0.0784124127331122,-0.23720210932878769,-0.7764217611479277,-0.0784124127331122
-1.6759397227734438,-0.6260990123464212,0.27769043982157676,0.1970990842943123,0.5334097062412806
0.1177698745790953,0.7245143834923654,-1.229858759216589,-1.417797137996267,-0.8305108782053993
0.8305108782053993,-2.1538746940614564,-0.36012989178956945,0.9467817563010457,-0.1177698745790953
-0.5334097062412806,0.039176085503097625,1.0775155670402803,-0.4450965249855164,1.6759397227734438
-0.1970990842943123,-1.0775155670402803,-0.7245143834923654,0.5334097062412806,-0.4450965249855164
1.417797137996267,0.36012989178956945,0.6260990123464212,-0.8305108782053993,0.9467817563010457
0.4450965249855164,-0.27769043982157676,2.1538746940614564,1.6759397227734438,0.1970990842943123
-0.9467817563010457,1.229858759216589,-0.039176085503097625,-0.1177698745790953,-1.417797137996267
-0.7245143834923654,-1.417797137996267,0.8305108782053993,-1.0775155670402803,-1.0775155670402803
0.6260990123464212,0.1970990842943123,-0.5334097062412806,0.36012989178956945,0.36012989178956945
2.1538746940614564,-0.4450965249855164,-1.6759397227734438,-0.27769043982157676,1.229858759216589
-0.039176085503097625,0.9467817563010457,0.1177698745790953,1.229858759216589,-0.27769043982157676
-0.36012989178956945,-0.1177698745790953,-0.1970990842943123,-2.1538746940614564,0.7245143834923654
1.0775155670402803,1.6759397227734438,1.417797137996267,0.039176085503097625,-0.6260990123464212
0.27769043982157676,-0.8305108782053993,0.4450965249855164,-0.6260990123464212,-2.1538746940614564
-1.229858759216589,0.5334097062412806,-0.9467817563010457,0.7245143834923654,0.039176085503097625
-1.417797137996267,-0.7245143834923654,-0.6260990123464212,2.1538746940614564,2.1538746940614564
0.1970990842943123,0.6260990123464212,0.7245143834923654,-0.039176085503097625,-0.039176085503097625
0.9467817563010457,-0.039176085503097625,0.039176085503097625,0.6260990123464212,-0.7245143834923654
-0.4450965249855164,2.1538746940614564,-2.1538746940614564,-0.7245143834923654,0.6260990123464212
-0.1177698745790953,-0.36012989178956945,1.229858759216589,1.0775155670402803,-1.229858759216589
1.6759397227734438,1.0775155670402803,-0.27769043982157676,-0.36012989178956945,0.27769043982157676
0.5334097062412806,-1.229858759216589,-1.0775155670402803,0.27769043982157676,1.0775155670402803
-0.8305108782053993,0.27769043982157676,0.36012989178956945,-1.229858759216589,-0.36012989178956945
-1.0775155670402803,-0.1970990842943123,-1.417797137996267,-0.5334097062412806,-0.1970990842943123
0.36012989178956945,1.417797137996267,0.1970990842943123,0.8305108782053993,1.417797137996267
1.229858759216589,-0.9467817563010457,0.9467817563010457,-1.6759397227734438,0.4450965249855164
-0.27769043982157676,0.4450965249855164,-0.4450965249855164,0.1177698745790953,-0.9467817563010457
-0.6260990123464212,-1.6759397227734438,0.5334097062412806,-0.1970990842943123,0.1177698745790953
0.7245143834923654,0.1177698745790953,-0.8305108782053993,1.417797137996267,-1.6759397227734438
0.039176085503097625,-0.5334097062412806,-0.1177698745790953,-0.9467817563010457,-0.5334097062412806
-2.1538746940614564,0.8305108782053993,1.6759397227734438,0.4450965249855164,0.8305108782053993
-1.987427885929896,-0.2573935261009383,-0.1375134021443359,0.8584844741418323,-0.8031725655979178
0.05878293606894307,1.2726986411905359,1.6010086648860757,-0.5109658067382474,0.5561255936186914
0.7502153754679406,-1.0431582633184535,0.5109658067382474,0.1375134021443359,1.7616704103630672
-0.6024494531644237,0.3811054547635565,-0.8584844741418323,-1.6010086648860757,-0.09807215248866107
-0.2573935261009383,-1.987427885929896,0.9165566675331127,1.4734675779471014,0.9778975439405418
1.2726986411905359,0.05878293606894307,-0.46682512285258965,-0.17716982099173983,-0.4235760842011997
0.3811054547635565,-0.6024494531644237,-1.4734675779471014,0.46682512285258965,-1.3662038163720982
-1.0431582633184535,0.7502153754679406,0.17716982099173983,-0.9165566675331127,0.21710694721012977
-0.8031725655979178,-0.8031725655979178,-1.1131942771609284,-0.01958428523012692,0.3811054547635565
0.5561255936186914,0.5561255936186914,0.3393116065388172,2.4175590162365053,-1.0431582633184535
1.7616704103630672,-0.09807215248866107,1.189164350199337,-0.6992833023832199,-0.2573935261009383
-0.09807215248866107,1.7616704103630672,-0.29810241293048684,0.6501040706479952,1.2726986411905359
-0.4235760842011997,-0.4235760842011997,0.01958428523012692,-0.3393116065388172,-0.6024494531644237
0.9778975439405418,0.9778975439405418,-2.4175590162365053,1.1131942771609284,0.7502153754679406
0.21710694721012977,-1.3662038163720982,-0.6501040706479952,-1.189164350199337,0.05878293606894307
-1.3662038163720982,0.21710694721012977,0.6992833023832199,0.29810241293048684,-1.987427885929896
-1.189164350199337,-1.189164350199337,0.4235760842011997,0.3811054547635565,-0.01958428523012692
0.29810241293048684,0.29810241293048684,-0.9778975439405418,-1.0431582633184535,2.4175590162365053
1.1131942771609284,-0.3393116065388172,-0.21710694721012977,1.2726986411905359,0.6501040706479952
-0.3393116065388172,1.1131942771609284,1.3662038163720982,-0.2573935261009383,-0.6992833023832199
-0.01958428523012692,-0.01958428523012692,-1.7616704103630672,0.05878293606894307,0.29810241293048684
2.4175590162365053,2.4175590162365053,0.09807215248866107,-1.987427885929896,-1.189164350199337
0.6501040706479952,-0.6992833023832199,0.8031725655979178,0.7502153754679406,-0.3393116065388172
-0.6992833023832199,0.6501040706479952,-0.5561255936186914,-0.6024494531644237,1.1131942771609284
-0.9165566675331127,-0.5109658067382474,1.987427885929896,-1.3662038163720982,1.4734675779471014
0.46682512285258965,0.8584844741418323,-0.05878293606894307,0.21710694721012977,-0.17716982099173983
1.4734675779471014,-1.6010086648860757,-0.7502153754679406,-0.4235760842011997,-0.9165566675331127
-0.17716982099173983,0.1375134021443359,0.6024494531644237,0.9778975439405418,0.46682512285258965
-0.5109658067382474,-0.9165566675331127,-0.3811054547635565,-0.8031725655979178,-1.6010086648860757
0.8584844741418323,0.46682512285258965,1.0431582633184535,0.5561255936186914,0.1375134021443359
0.1375134021443359,-0.17716982099173983,0.2573935261009383,-0.09807215248866107,0.8584844741418323
-1.6010086648860757,1.4734675779471014,-1.2726986411905359,1.7616704103630672,-0.5109658067382474
-1.7616704103630672,-1.1131942771609284,1.4734675779471014,-0.3811054547635565,0.01958428523012692
0.09807215248866107,0.3393116065388172,-0.17716982099173983,1.0431582633184535,-2.4175590162365053
0.8031725655979178,-0.29810241293048684,-0.9165566675331127,-1.2726986411905359,-0.6501040706479952
-0.5561255936186914,1.189164350199337,0.46682512285258965,0.2573935261009383,0.6992833023832199
-0.21710694721012977,-0.6501040706479952,-0.5109658067382474,-0.05878293606894307,-0.29810241293048684
1.3662038163720982,0.6992833023832199,0.8584844741418323,1.987427885929896,1.189164350199337
0.4235760842011997,-2.4175590162365053,0.1375134021443359,-0.7502153754679406,0.3393116065388172
-0.9778975439405418,0.01958428523012692,-1.6010086648860757,0.6024494531644237,-1.1131942771609284
-0.7502153754679406,-0.1375134021443359,0.6501040706479952,1.3662038163720982,-1.4734675779471014
0.6024494531644237,1.6010086648860757,-0.6992833023832199,-0.21710694721012977,0.17716982099173983
1.987427885929896,-0.8584844741418323,-0.01958428523012692,0.4235760842011997,0.9165566675331127
-0.05878293606894307,0.5109658067382474,2.4175590162365053,-0.9778975439405418,-0.46682512285258965
-0.3811054547635565,-1.4734675779471014,-1.189164350199337,0.8031725655979178,1.6010086648860757
1.0431582633184535,0.17716982099173983,0.29810241293048684,-0.5561255936186914,-0.1375134021443359
0.2573935261009383,-0.46682512285258965,1.1131942771609284,0.09807215248866107,-0.8584844741418323
-1.2726986411905359,0.9165566675331127,-0.3393116065388172,-1.7616704103630672,0.5109658067382474
-1.4734675779471014,-0.3811054547635565,-0.8031725655979178,-0.8584844741418323,0.8031725655979178
0.17716982099173983,1.0431582633184535,0.5561255936186914,0.5109658067382474,-0.5561255936186914
0.9165566675331127,-1.2726986411905359,1.7616704103630672,-0.1375134021443359,-1.7616704103630672
-0.46682512285258965,0.2573935261009383,-0.09807215248866107,1.6010086648860757,0.09807215248866107
-0.1375134021443359,-0.7502153754679406,0.21710694721012977,-1.4734675779471014,-0.9778975439405418
1.6010086648860757,0.6024494531644237,-1.3662038163720982,0.17716982099173983,0.4235760842011997
0.5109658067382474,-0.05878293606894307,-0.4235760842011997,-0.46682512285258965,1.3662038163720982
-0.8584844741418323,1.987427885929896,0.9778975439405418,0.9165566675331127,-0.21710694721012977
-1.1131942771609284,-1.7616704103630672,-0.2573935261009383,0.01958428523012692,-0.3811054547635565
0.3393116065388172,0.09807215248866107,1.2726986411905359,-2.4175590162365053,1.0431582633184535
1.189164350199337,-0.5561255936186914,0.3811054547635565,0.6992833023832199,0.2573935261009383
-0.29810241293048684,0.8031725655979178,-1.0431582633184535,-0.6501040706479952,-1.2726986411905359
-0.6501040706479952,-0.21710694721012977,0.7502153754679406,0.3393116065388172,0.6024494531644237
0.6992833023832199,1.3662038163720982,-0.6024494531644237,-1.1131942771609284,-0.7502153754679406
0.01958428523012692,-0.9778975439405418,-1.987427885929896,1.189164350199337,-0.05878293606894307
-2.4175590162365053,0.4235760842011997,0.05878293606894307,-0.29810241293048684,1.987427885929896
-2.2662268092096527,-0.4343111611752096,0.7897265199432659,1.5666885860684134,-0.08823801944992446
0.02937877574415705,0.9622231952954207,-0.5675913235445692,-0.14740482161235485,1.8098922384806087
0.7118421959394191,-1.3915374879959002,-1.8098922384806087,0.49984034488373513,0.5675913235445692
-0.638055580922517,0.2070926527243603,0.08823801944992446,-0.8727258946270401,-0.7897265199432659
-0.2878814328310118,-0.816765415315091,-0.22714306250271532,0.9017541138301001,0.22714306250271532
1.209261231709155,0.5447325129881758,1.341717841080254,-0.477771988903886,-1.341717841080254
0.34970180355389524,-0.10791577948918656,0.4128896014436543,0.1672320083708501,-0.4128896014436543
-1.095180652761388,1.7172281175057411,-0.993815907860883,-1.5031029431292742,0.993815907860883
-0.8444150773752573,-2.063527898316244,0.2472852153408049,-0.6622476824884141,1.2950224067058145
0.5221548775980015,0.04897715720213194,-1.2950224067058145,0.6868337485747306,-0.2472852153408049
1.6373253827680638,-0.6142312890602453,-0.3916558710925915,-2.6600674686174592,-1.0264330631379104
-0.12763541906627032,0.7373040004386543,1.0264330631379104,0.009791673161345346,0.3916558710925915
-0.4559339156131388,-0.2675282061010972,-0.7632530437325705,-0.30835463134483726,-1.9213507742937037
0.9315628300071144,1.2509917154625452,0.5907506580628188,1.1695366102071425,0.06859437050511812
0.18712516222572084,-1.060180479435355,1.9213507742937037,-1.1315765583861879,0.7632530437325705
-1.4450725798180741,0.37059729110962925,-0.06859437050511812,0.32895791264049107,-0.5907506580628188
-1.2509917154625452,-0.9315628300071144,-1.5031029431292742,0.2472852153408049,-0.6868337485747306
0.2675282061010972,0.4559339156131388,0.1672320083708501,-1.2950224067058145,0.6622476824884141
1.060180479435355,-0.18712516222572084,0.9017541138301001,1.0264330631379104,2.6600674686174592
-0.37059729110962925,1.4450725798180741,-0.477771988903886,-0.3916558710925915,-0.009791673161345346
-0.04897715720213194,-0.5221548775980015,0.49984034488373513,0.5907506580628188,1.1315765583861879
2.063527898316244,0.8444150773752573,-0.8727258946270401,-0.7632530437325705,-0.32895791264049107
0.6142312890602453,-1.6373253827680638,-0.14740482161235485,1.9213507742937037,-1.1695366102071425
-0.7373040004386543,0.12763541906627032,1.5666885860684134,-0.06859437050511812,0.30835463134483726
-0.9622231952954207,-0.02937877574415705,-0.6622476824884141,-0.993815907860883,0.477771988903886
0.4343111611752096,2.2662268092096527,0.6868337485747306,0.4128896014436543,-0.9017541138301001
1.3915374879959002,-0.7118421959394191,0.009791673161345346,-0.22714306250271532,-0.1672320083708501
-0.2070926527243603,0.638055580922517,-2.6600674686174592,1.341717841080254,1.5031029431292742
-0.5447325129881758,-1.209261231709155,1.1695366102071425,-1.8098922384806087,-0.49984034488373513
0.816765415315091,0.2878814328310118,-0.30835463134483726,0.08823801944992446,0.8727258946270401
0.10791577948918656,-0.34970180355389524,-1.1315765583861879,-0.5675913235445692,0.14740482161235485
-1.7172281175057411,1.095180652761388,0.32895791264049107,0.7897265199432659,-1.5666885860684134
-1.5666885860684134,-1.5031029431292742,-0.4343111611752096,-0.2675282061010972,0.7118421959394191
0.14740482161235485,0.1672320083708501,0.9622231952954207,1.2509917154625452,-0.638055580922517
0.8727258946270401,-0.477771988903886,0.2070926527243603,-1.060180479435355,-2.2662268092096527
-0.49984034488373513,0.9017541138301001,-1.3915374879959002,0.37059729110962925,0.02937877574415705
-0.1672320083708501,-0.14740482161235485,1.7172281175057411,-0.6142312890602453,-1.095180652761388
1.5031029431292742,1.5666885860684134,-0.10791577948918656,0.7373040004386543,0.34970180355389524
0.477771988903886,-0.8727258946270401,-0.816765415315091,-2.063527898316244,1.209261231709155
-0.9017541138301001,0.49984034488373513,0.5447325129881758,0.04897715720213194,-0.2878814328310118
-0.6868337485747306,-0.6622476824884141,-2.063527898316244,0.9622231952954207,-0.4559339156131388
0.6622476824884141,0.6868337485747306,0.04897715720213194,-0.4343111611752096,0.9315628300071144
2.6600674686174592,-2.6600674686174592,0.7373040004386543,0.2070926527243603,0.18712516222572084
-0.009791673161345346,0.009791673161345346,-0.6142312890602453,-1.3915374879959002,-1.4450725798180741
-0.32895791264049107,-1.1315765583861879,0.37059729110962925,1.7172281175057411,0.5221548775980015
1.1315765583861879,0.32895791264049107,-1.060180479435355,-0.10791577948918656,-0.8444150773752573
0.30835463134483726,-0.30835463134483726,-0.2675282061010972,0.5447325129881758,-0.12763541906627032
-1.1695366102071425,1.1695366102071425,1.2509917154625452,-0.816765415315091,1.6373253827680638
-1.341717841080254,-0.22714306250271532,0.12763541906627032,-1.6373253827680638,0.10791577948918656
0.22714306250271532,1.341717841080254,-1.6373253827680638,0.12763541906627032,-1.7172281175057411
0.993815907860883,-0.993815907860883,-0.5221548775980015,-0.5221548775980015,-0.5447325129881758
-0.4128896014436543,0.4128896014436543,0.8444150773752573,0.8444150773752573,0.816765415315091
-0.08823801944992446,-1.8098922384806087,-0.9315628300071144,-0.9315628300071144,-0.2070926527243603
1.8098922384806087,0.08823801944992446,0.4559339156131388,0.4559339156131388,1.3915374879959002
0.5675913235445692,-0.5675913235445692,1.4450725798180741,-0.18712516222572084,0.4343111611752096
-0.7897265199432659,0.7897265199432659,-0.18712516222572084,1.4450725798180741,-0.9622231952954207
-1.0264330631379104,-0.7632530437325705,1.095180652761388,0.638055580922517,-1.2509917154625452
0.3916558710925915,0.5907506580628188,-0.34970180355389524,-0.7118421959394191,0.2675282061010972
1.2950224067058145,-0.06859437050511812,-1.209261231709155,2.2662268092096527,1.060180479435355
-0.2472852153408049,1.9213507742937037,0.2878814328310118,-0.02937877574415705,-0.37059729110962925
-0.5907506580628188,-0.3916558710925915,-0.02937877574415705,0.2878814328310118,2.063527898316244
0.7632530437325705,1.0264330631379104,2.2662268092096527,-1.209261231709155,-0.04897715720213194
0.06859437050511812,-1.2950224067058145,0.638055580922517,1.095180652761388,-0.7373040004386543
-1.9213507742937037,0.2472852153408049,-0.7118421959394191,-0.34970180355389524,0.6142312890602453
-2.063527898316244,-0.8444150773752573,0.6142312890602453,-0.6868337485747306,-0.6622476824884141
0.04897715720213194,0.5221548775980015,-0.7373040004386543,0.6622476824884141,0.6868337485747306
0.7373040004386543,-0.12763541906627032,-0.04897715720213194,-0.009791673161345346,0.009791673161345346
-0.6142312890602453,1.6373253827680638,2.063527898316244,2.6600674686174592,-2.6600674686174592
-0.2675282061010972,-0.4559339156131388,-1.2509917154625452,-1.1695366102071425,0.32895791264049107
1.2509917154625452,0.9315628300071144,0.2675282061010972,0.30835463134483726,-1.1315765583861879
0.37059729110962925,-1.4450725798180741,1.060180479435355,-0.32895791264049107,-0.30835463134483726
-1.060180479435355,0.18712516222572084,-0.37059729110962925,1.1315765583861879,1.1695366102071425
-0.816765415315091,-0.2878814328310118,1.3915374879959002,0.14740482161235485,0.9017541138301001
0.5447325129881758,1.209261231709155,-0.2070926527243603,-1.5666885860684134,-0.477771988903886
1.7172281175057411,-1.095180652761388,-0.9622231952954207,0.8727258946270401,-1.5031029431292742
-0.10791577948918656,0.34970180355389524,0.4343111611752096,-0.49984034488373513,0.1672320083708501
-0.4343111611752096,-2.2662268092096527,-0.5447325129881758,0.477771988903886,-0.8727258946270401
0.9622231952954207,0.02937877574415705,0.816765415315091,-0.9017541138301001,0.49984034488373513
0.2070926527243603,-0.638055580922517,0.10791577948918656,1.5031029431292742,1.5666885860684134
-1.3915374879959002,0.7118421959394191,-1.7172281175057411,-0.1672320083708501,-0.14740482161235485
-1.209261231709155,-0.5447325129881758,-0.2878814328310118,-0.4128896014436543,-1.8098922384806087
0.2878814328310118,0.816765415315091,1.209261231709155,0.993815907860883,0.08823801944992446
1.095180652761388,-1.7172281175057411,0.34970180355389524,-1.341717841080254,0.7897265199432659
-0.34970180355389524,0.10791577948918656,-1.095180652761388,0.22714306250271532,-0.5675913235445692
-0.02937877574415705,-0.9622231952954207,0.7118421959394191,-0.08823801944992446,1.341717841080254
2.2662268092096527,0.4343111611752096,-0.638055580922517,1.8098922384806087,-0.22714306250271532
0.638055580922517,-0.2070926527243603,-2.2662268092096527,-0.7897265199432659,-0.993815907860883
-0.7118421959394191,1.3915374879959002,0.02937877574415705,0.5675913235445692,0.4128896014436543
-0.9315628300071144,-1.2509917154625452,-0.8444150773752573,1.2950224067058145,0.2472852153408049
0.4559339156131388,0.2675282061010972,0.5221548775980015,-0.2472852153408049,-1.2950224067058145
1.4450725798180741,-0.37059729110962925,1.6373253827680638,0.3916558710925915,-0.3916558710925915
-0.18712516222572084,1.060180479435355,-0.12763541906627032,-1.0264330631379104,1.0264330631379104
-0.5221548775980015,-0.04897715720213194,0.18712516222572084,0.7632530437325705,-0.06859437050511812
0.8444150773752573,2.063527898316244,-1.4450725798180741,-0.5907506580628188,1.9213507742937037
0.12763541906627032,-0.7373040004386543,-0.4559339156131388,0.06859437050511812,0.5907506580628188
-1.6373253827680638,0.6142312890602453,0.9315628300071144,-1.9213507742937037,-0.7632530437325705
-1.8098922384806087,-0.08823801944992446,-1.0264330631379104,0.4343111611752096,1.7172281175057411
0.08823801944992446,1.8098922384806087,0.3916558710925915,-0.9622231952954207,-0.10791577948918656
0.7897265199432659,-0.7897265199432659,1.2950224067058145,1.3915374879959002,-0.816765415315091
-0.5675913235445692,0.5675913235445692,-0.2472852153408049,-0.2070926527243603,0.5447325129881758
-0.22714306250271532,-1.341717841080254,0.06859437050511812,0.10791577948918656,-1.3915374879959002
1.341717841080254,0.22714306250271532,-1.9213507742937037,-1.7172281175057411,0.2070926527243603
0.4128896014436543,-0.4128896014436543,-0.5907506580628188,0.816765415315091,0.9622231952954207
-0.993815907860883,0.993815907860883,0.7632530437325705,-0.5447325129881758,-0.4343111611752096
-0.7632530437325705,-1.0264330631379104,-0.08823801944992446,-1.2509917154625452,-0.2675282061010972
0.5907506580628188,0.3916558710925915,1.8098922384806087,0.2675282061010972,1.2509917154625452
1.9213507742937037,-0.2472852153408049,0.5675913235445692,-0.37059729110962925,0.37059729110962925
-0.06859437050511812,1.2950224067058145,-0.7897265199432659,1.060180479435355,-1.060180479435355
-0.3916558710925915,-0.5907506580628188,0.993815907860883,-0.7373040004386543,0.04897715720213194
1.0264330631379104,0.7632530437325705,-0.4128896014436543,0.6142312890602453,-2.063527898316244
0.2472852153408049,-1.9213507742937037,-1.341717841080254,-0.04897715720213194,-0.6142312890602453
-1.2950224067058145,0.06859437050511812,0.22714306250271532,2.063527898316244,0.7373040004386543
-1.5031029431292742,-1.5666885860684134,2.6600674686174592,0.7118421959394191,0.638055580922517
0.1672320083708501,0.14740482161235485,-0.009791673161345346,-0.638055580922517,-0.7118421959394191
0.9017541138301001,-0.49984034488373513,-0.6868337485747306,0.02937877574415705,-0.02937877574415705
-0.477771988903886,0.8727258946270401,0.6622476824884141,-2.2662268092096527,2.2662268092096527
-0.14740482161235485,-0.1672320083708501,-0.32895791264049107,1.209261231709155,-0.34970180355389524
1.5666885860684134,1.5031029431292742,1.1315765583861879,-0.2878814328310118,1.095180652761388
0.49984034488373513,-0.9017541138301001,0.30835463134483726,0.34970180355389524,0.2878814328310118
-0.8727258946270401,0.477771988903886,-1.1695366102071425,-1.095180652761388,-1.209261231709155
-1.1315765583861879,-0.32895791264049107,0.477771988903886,-0.12763541906627032,-0.9315628300071144
0.32895791264049107,1.1315765583861879,-0.9017541138301001,1.6373253827680638,0.4559339156131388
1.1695366102071425,-1.1695366102071425,-0.1672320083708501,-0.8444150773752573,1.4450725798180741
-0.30835463134483726,0.30835463134483726,1.5031029431292742,0.5221548775980015,-0.18712516222572084
-0.6622476824884141,-0.6868337485747306,-1.5666885860684134,-0.4559339156131388,0.8444150773752573
0.6868337485747306,0.6622476824884141,0.14740482161235485,0.9315628300071144,-0.5221548775980015
0.009791673161345346,-0.009791673161345346,0.8727258946270401,-1.4450725798180741,-1.6373253827680638
-2.6600674686174592,2.6600674686174592,-0.49984034488373513,0.18712516222572084,0.12763541906627032
-2.5205022171903595,-0.004895777906342452,0.3969473991514547,-0.5733521971719525,0.9700305791772408
0.014687803133359814,2.8856349124267573,-1.0181772056006682,0.7830568136747741,-0.4289374437046087
0.6930450983876636,-0.6806487851276465,-0.24224058377044752,-1.8356715369125434,-1.3787600432219227
-0.6561637811503791,0.668356195590579,1.306430351127565,0.08332421054403628,0.21209714115184913
-0.30322453819816625,-1.1598896185252787,-1.891229237820108,-0.23216964940384524,-0.8099502839698922
1.1792936900106505,0.3134928526372756,0.07350250596415873,1.329770950181209,0.5504201225218275
0.3341302822588196,-0.32379432887895426,0.7698207150120411,-1.001870276376982,1.7390199717299037
-1.1223380117021655,1.140912709342314,-0.5849315401469273,0.40756406632867975,-0.10299271852083793
-0.8655832397563085,-0.894426479612224,1.8356715369125434,1.891229237820108,-0.608329815634632
0.5053952562916195,0.4832668846726728,-0.08332421054403628,-0.07350250596415873,0.7437441897466541
1.5836154758017882,-0.16226934990286979,-0.7830568136747741,0.5849315401469273,0.05387939904640625
-0.1424573696110161,1.5184291411525912,0.5733521971719525,-0.7698207150120411,-2.024013623719158
-0.4722914812682607,-0.494300814491471,-0.40756406632867975,1.0181772056006682,0.3758461852165611
0.909130489944847,0.8799133538196812,1.001870276376982,-0.3969473991514547,-1.0516312816573352
0.17219878887180795,-1.5501990407917612,0.23216964940384524,0.24224058377044752,-0.26245749639715554
-1.4881218960233813,0.15235588433847255,-1.329770950181209,-1.306430351127565,1.2617708616359868
-1.2837805526081674,-1.891229237820108,-0.004895777906342452,-1.140912709342314,0.29298809685623334
0.25233614780248953,0.07350250596415873,2.8856349124267573,0.32379432887895426,-1.199152250993274
1.0347594810882446,-0.5849315401469273,0.668356195590579,-0.3134928526372756,-0.3445020561261196
-0.38637528690319967,0.7698207150120411,-0.6806487851276465,1.1598896185252787,1.1041426792922298
-0.06368788692413291,-0.24224058377044752,1.140912709342314,-2.8856349124267573,-0.024481236918494062
1.9533237077453942,1.306430351127565,-0.32379432887895426,0.004895777906342452,2.3352330400688133
0.5965898492514454,-1.0181772056006682,-1.1598896185252787,-0.668356195590579,0.6440681386006925
-0.7567181310510782,0.3969473991514547,0.3134928526372756,0.6806487851276465,-0.7055488386621755
-0.9858255004050612,-0.40756406632867975,-0.894426479612224,0.16226934990286979,-1.6189001435373596
0.4182268725484093,1.001870276376982,0.4832668846726728,-1.5184291411525912,0.13257279362922775
1.3538593640751064,-1.329770950181209,1.5184291411525912,0.894426479612224,0.8514287083055712
-0.22212220822055745,0.23216964940384524,-0.16226934990286979,-0.4832668846726728,-0.5165522583763212
-0.5618492257262567,-0.7830568136747741,0.15235588433847255,0.494300814491471,1.4591230250215932
0.7964315436842329,0.5733521971719525,-1.5501990407917612,-0.8799133538196812,-0.18214523507016814
0.09315395984558328,-0.08332421054403628,-0.494300814491471,1.5501990407917612,-0.924033738805388
-1.7852624904353236,1.8356715369125434,0.8799133538196812,-0.15235588433847255,0.4613726782785132
-1.6189001435373596,-0.7308942474276288,-0.7308942474276288,1.0863057362981006,-0.30322453819816625
0.13257279362922775,0.6201542325952075,0.6201542325952075,-0.3549110232907174,1.1792936900106505
0.8514287083055712,-0.04407609210022043,2.1065540881628144,0.2827822652124026,0.3341302822588196
-0.5165522583763212,2.1065540881628144,-0.04407609210022043,-1.2194953228462238,-1.1223380117021655
-0.18214523507016814,-0.3653585875380232,0.2726058039056999,2.206575216537129,0.014687803133359814
1.4591230250215932,1.0688078752591985,-1.2403559942306719,-0.03427701935143659,-2.5205022171903595
0.4613726782785132,-1.2403559942306719,-0.3653585875380232,0.6320660015779467,-0.6561637811503791
-0.924033738805388,0.2726058039056999,1.0688078752591985,-0.7181638738872306,0.6930450983876636
-0.7055488386621755,-0.2020933455755962,-0.2020933455755962,-0.19210973438208,1.5836154758017882
0.6440681386006925,1.4045462481588746,1.4045462481588746,1.431301759102476,-0.1424573696110161
2.3352330400688133,-0.9544740277674426,0.43969744961512014,-0.9391451028960622,-0.8655832397563085
-0.024481236918494062,0.43969744961512014,-0.9544740277674426,0.45050860628217826,0.5053952562916195
-0.3445020561261196,-1.6962225050066093,0.8236186950515331,-0.5277739351481803,-1.4881218960233813
1.1041426792922298,0.11284145736771417,-0.5390624706817188,0.8374427401492454,0.17219878887180795
0.29298809685623334,-0.5390624706817188,-1.6962225050066093,-1.6563238653408074,0.909130489944847
-1.199152250993274,0.8236186950515331,0.11284145736771417,0.12270115401660613,-0.4722914812682607
-1.3787600432219227,-0.6320660015779467,1.2194953228462238,0.5390624706817188,-0.9858255004050612
0.21209714115184913,0.7181638738872306,-0.2827822652124026,-0.8236186950515331,0.4182268725484093
0.9700305791772408,-2.206575216537129,-1.0863057362981006,1.6962225050066093,1.3538593640751064
-0.4289374437046087,0.03427701935143659,0.3549110232907174,-0.11284145736771417,-0.22212220822055745
-0.10299271852083793,-1.0863057362981006,-0.6320660015779467,0.2020933455755962,0.7964315436842329
1.7390199717299037,0.3549110232907174,0.7181638738872306,-1.4045462481588746,-0.5618492257262567
0.5504201225218275,-0.2827822652124026,0.03427701935143659,0.9544740277674426,-1.7852624904353236
-0.8099502839698922,1.2194953228462238,-2.206575216537129,-0.43969744961512014,0.09315395984558328
-1.0516312816573352,-1.431301759102476,0.5277739351481803,-2.1065540881628144,0.5965898492514454
0.3758461852165611,0.19210973438208,-0.8374427401492454,0.04407609210022043,-0.7567181310510782
1.2617708616359868,-0.45050860628217826,-0.12270115401660613,-0.6201542325952075,-0.06368788692413291
-0.26245749639715554,0.9391451028960622,1.6563238653408074,0.7308942474276288,1.9533237077453942
-0.608329815634632,-0.12270115401660613,-1.431301759102476,-1.0688078752591985,-0.38637528690319967
0.7437441897466541,1.6563238653408074,0.19210973438208,0.3653585875380232,1.0347594810882446
0.05387939904640625,-0.8374427401492454,0.9391451028960622,-0.2726058039056999,0.25233614780248953
-2.024013623719158,0.5277739351481803,-0.45050860628217826,1.2403559942306719,-1.2837805526081674
-1.891229237820108,-1.2837805526081674,0.9700305791772408,0.06368788692413291,1.2194953228462238
0.07350250596415873,0.25233614780248953,-0.4289374437046087,-1.9533237077453942,-0.2827822652124026
0.7698207150120411,-0.38637528690319967,-1.3787600432219227,0.7567181310510782,-1.0863057362981006
-0.5849315401469273,1.0347594810882446,0.21209714115184913,-0.5965898492514454,0.3549110232907174
-0.24224058377044752,-0.06368788692413291,-0.10299271852083793,0.38637528690319967,-2.206575216537129
1.306430351127565,1.9533237077453942,1.7390199717299037,-1.0347594810882446,0.03427701935143659
0.3969473991514547,-0.7567181310510782,0.5504201225218275,1.2837805526081674,0.7181638738872306
-1.0181772056006682,0.5965898492514454,-0.8099502839698922,-0.25233614780248953,-0.6320660015779467
-0.7830568136747741,-0.5618492257262567,0.05387939904640625,-0.7964315436842329,-0.12270115401660613
0.5733521971719525,0.7964315436842329,-2.024013623719158,0.5618492257262567,1.6563238653408074
1.8356715369125434,-1.7852624904353236,-0.608329815634632,-0.09315395984558328,0.5277739351481803
-0.08332421054403628,0.09315395984558328,0.7437441897466541,1.7852624904353236,-0.8374427401492454
-0.40756406632867975,-0.9858255004050612,-1.0516312816573352,-1.3538593640751064,0.19210973438208
1.001870276376982,0.4182268725484093,0.3758461852165611,0.22212220822055745,-1.431301759102476
0.23216964940384524,-0.22212220822055745,1.2617708616359868,-0.4182268725484093,-0.45050860628217826
-1.329770950181209,1.3538593640751064,-0.26245749639715554,0.9858255004050612,0.9391451028960622
-1.1598896185252787,-0.30322453819816625,-1.6189001435373596,1.4881218960233813,0.43969744961512014
0.3134928526372756,1.1792936900106505,0.13257279362922775,-0.17219878887180795,-0.9544740277674426
1.140912709342314,-1.1223380117021655,0.8514287083055712,0.4722914812682607,-0.2020933455755962
-0.32379432887895426,0.3341302822588196,-0.5165522583763212,-0.909130489944847,1.4045462481588746
-0.004895777906342452,-2.5205022171903595,0.4613726782785132,0.8655832397563085,-0.5390624706817188
2.8856349124267573,0.014687803133359814,-0.924033738805388,-0.5053952562916195,0.8236186950515331
0.668356195590579,-0.6561637811503791,-0.18214523507016814,0.1424573696110161,0.11284145736771417
-0.6806487851276465,0.6930450983876636,1.4591230250215932,-1.5836154758017882,-1.6962225050066093
-0.894426479612224,-0.8655832397563085,-0.3445020561261196,-0.3341302822588196,-0.7308942474276288
0.4832668846726728,0.5053952562916195,1.1041426792922298,1.1223380117021655,0.6201542325952075
1.5184291411525912,-0.1424573696110161,0.29298809685623334,-1.1792936900106505,2.1065540881628144
-0.16226934990286979,1.5836154758017882,-1.199152250993274,0.30322453819816625,-0.04407609210022043
-0.494300814491471,-0.4722914812682607,2.3352330400688133,-0.014687803133359814,1.0688078752591985
0.8799133538196812,0.909130489944847,-0.024481236918494062,2.5205022171903595,-0.3653585875380232
0.15235588433847255,-1.4881218960233813,-0.7055488386621755,-0.6930450983876636,-1.2403559942306719
-1.5501990407917612,0.17219878887180795,0.6440681386006925,0.6561637811503791,0.2726058039056999
-1.6962225050066093,-0.3445020561261196,-0.5618492257262567,-1.4591230250215932,-0.40756406632867975
0.11284145736771417,1.1041426792922298,0.7964315436842329,0.18214523507016814,1.001870276376982
0.8236186950515331,-1.199152250993274,0.09315395984558328,-0.4613726782785132,0.23216964940384524
-0.5390624706817188,0.29298809685623334,-1.7852624904353236,0.924033738805388,-1.329770950181209
-0.2020933455755962,-0.7055488386621755,1.3538593640751064,-0.8514287083055712,0.5733521971719525
1.4045462481588746,0.6440681386006925,-0.22212220822055745,0.5165522583763212,-0.7830568136747741
0.43969744961512014,-0.024481236918494062,-0.9858255004050612,-0.13257279362922775,-0.08332421054403628
-0.9544740277674426,2.3352330400688133,0.4182268725484093,1.6189001435373596,1.8356715369125434
-0.7308942474276288,-1.6189001435373596,-1.2837805526081674,0.3445020561261196,0.7698207150120411
0.6201542325952075,0.13257279362922775,0.25233614780248953,-1.1041426792922298,-0.5849315401469273
2.1065540881628144,-0.5165522583763212,1.0347594810882446,1.199152250993274,-1.891229237820108
-0.04407609210022043,0.8514287083055712,-0.38637528690319967,-0.29298809685623334,0.07350250596415873
-0.3653585875380232,-0.18214523507016814,0.5965898492514454,0.024481236918494062,-1.0181772056006682
1.0688078752591985,1.4591230250215932,-0.7567181310510782,-2.3352330400688133,0.3969473991514547
0.2726058039056999,-0.924033738805388,-0.06368788692413291,0.7055488386621755,1.306430351127565
-1.2403559942306719,0.4613726782785132,1.9533237077453942,-0.6440681386006925,-0.24224058377044752
-1.431301759102476,-1.0516312816573352,0.17219878887180795,-0.05387939904640625,-1.1598896185252787
0.19210973438208,0.3758461852165611,-1.4881218960233813,2.024013623719158,0.3134928526372756
0.9391451028960622,-0.26245749639715554,-0.4722914812682607,-0.7437441897466541,1.140912709342314
-0.45050860628217826,1.2617708616359868,0.909130489944847,0.608329815634632,-0.32379432887895426
-0.12270115401660613,-0.608329815634632,-0.8655832397563085,-0.3758461852165611,2.8856349124267573
1.6563238653408074,0.7437441897466541,0.5053952562916195,1.0516312816573352,-0.004895777906342452
0.5277739351481803,-2.024013623719158,1.5836154758017882,-1.2617708616359868,-0.6806487851276465
-0.8374427401492454,0.05387939904640625,-0.1424573696110161,0.26245749639715554,0.668356195590579
-1.0863057362981006,-0.10299271852083793,0.6930450983876636,0.8099502839698922,0.15235588433847255
0.3549110232907174,1.7390199717299037,-0.6561637811503791,-0.5504201225218275,-1.5501990407917612
1.2194953228462238,-0.8099502839698922,-2.5205022171903595,0.10299271852083793,-0.494300814491471
-0.2827822652124026,0.5504201225218275,0.014687803133359814,-1.7390199717299037,0.8799133538196812
-0.6320660015779467,-1.3787600432219227,-0.30322453819816625,1.3787600432219227,-0.16226934990286979
0.7181638738872306,0.21209714115184913,1.1792936900106505,-0.21209714115184913,1.5184291411525912
0.03427701935143659,-0.4289374437046087,0.3341302822588196,0.4289374437046087,0.4832668846726728
-2.206575216537129,0.9700305791772408,-1.1223380117021655,-0.9700305791772408,-0.894426479612224
-2.3352330400688133,-0.9700305791772408,-0.17219878887180795,0.5965898492514454,0.3445020561261196
0.024481236918494062,0.4289374437046087,1.4881218960233813,-0.7567181310510782,-1.1041426792922298
0.7055488386621755,-0.21209714115184913,0.4722914812682607,1.9533237077453942,-0.29298809685623334
-0.6440681386006925,1.3787600432219227,-0.909130489944847,-0.06368788692413291,1.199152250993274
-0.29298809685623334,-0.5504201225218275,0.8655832397563085,0.25233614780248953,-0.6440681386006925
1.199152250993274,0.8099502839698922,-0.5053952562916195,-1.2837805526081674,0.7055488386621755
0.3445020561261196,-1.7390199717299037,-1.5836154758017882,1.0347594810882446,0.024481236918494062
-1.1041426792922298,0.10299271852083793,0.1424573696110161,-0.38637528690319967,-2.3352330400688133
-0.8514287083055712,-0.05387939904640625,-0.6930450983876636,-1.7852624904353236,-0.8514287083055712
0.5165522583763212,2.024013623719158,0.6561637811503791,0.09315395984558328,0.5165522583763212
1.6189001435373596,-0.7437441897466541,2.5205022171903595,-0.5618492257262567,1.6189001435373596
-0.13257279362922775,0.608329815634632,-0.014687803133359814,0.7964315436842329,-0.13257279362922775
-0.4613726782785132,-1.2617708616359868,0.30322453819816625,-0.9858255004050612,0.924033738805388
0.924033738805388,0.26245749639715554,-1.1792936900106505,0.4182268725484093,-0.4613726782785132
0.18214523507016814,-0.3758461852165611,-0.3341302822588196,-0.22212220822055745,-1.4591230250215932
-1.4591230250215932,1.0516312816573352,1.1223380117021655,1.3538593640751064,0.18214523507016814
-1.2617708616359868,-0.4613726782785132,0.5618492257262567,0.909130489944847,1.3787600432219227
0.26245749639715554,0.924033738805388,-0.7964315436842329,-0.4722914812682607,-0.21209714115184913
1.0516312816573352,-1.4591230250215932,-0.09315395984558328,0.17219878887180795,-0.9700305791772408
-0.3758461852165611,0.18214523507016814,1.7852624904353236,-1.4881218960233813,0.4289374437046087
-0.05387939904640625,-0.8514287083055712,-1.3538593640751064,1.5836154758017882,-1.7390199717299037
2.024013623719158,0.5165522583763212,0.22212220822055745,-0.1424573696110161,0.10299271852083793
0.608329815634632,-0.13257279362922775,0.9858255004050612,0.5053952562916195,0.8099502839698922
-0.7437441897466541,1.6189001435373596,-0.4182268725484093,-0.8655832397563085,-0.5504201225218275
-0.9700305791772408,-2.3352330400688133,1.2837805526081674,-0.30322453819816625,-0.05387939904640625
0.4289374437046087,0.024481236918494062,-0.25233614780248953,1.1792936900106505,2.024013623719158
1.3787600432219227,-0.6440681386006925,-1.0347594810882446,-1.1223380117021655,0.608329815634632
-0.21209714115184913,0.7055488386621755,0.38637528690319967,0.3341302822588196,-0.7437441897466541
-0.5504201225218275,-0.29298809685623334,-0.5965898492514454,-0.6561637811503791,0.26245749639715554
0.8099502839698922,1.199152250993274,0.7567181310510782,0.6930450983876636,-1.2617708616359868
0.10299271852083793,-1.1041426792922298,0.06368788692413291,-2.5205022171903595,-0.3758461852165611
-1.7390199717299037,0.3445020561261196,-1.9533237077453942,0.014687803133359814,1.0516312816573352
-1.5836154758017882,-0.17219878887180795,1.6189001435373596,-0.924033738805388,-1.3538593640751064
0.1424573696110161,1.4881218960233813,-0.13257279362922775,0.4613726782785132,0.22212220822055745
0.8655832397563085,-0.909130489944847,-0.8514287083055712,-0.18214523507016814,0.9858255004050612
-0.5053952562916195,0.4722914812682607,0.5165522583763212,1.4591230250215932,-0.4182268725484093
-0.17219878887180795,-1.5836154758017882,-0.4613726782785132,-1.6189001435373596,1.7852624904353236
1.4881218960233813,0.1424573696110161,0.924033738805388,0.13257279362922775,-0.09315395984558328
0.4722914812682607,-0.5053952562916195,0.18214523507016814,-0.5165522583763212,-0.7964315436842329
-0.909130489944847,0.8655832397563085,-1.4591230250215932,0.8514287083055712,0.5618492257262567
-0.6930450983876636,-0.6930450983876636,0.3445020561261196,0.29298809685623334,0.06368788692413291
0.6561637811503791,0.6561637811503791,-1.1041426792922298,-1.199152250993274,-1.9533237077453942
2.5205022171903595,-0.014687803133359814,-0.29298809685623334,1.1041426792922298,-0.5965898492514454
-0.014687803133359814,2.5205022171903595,1.199152250993274,-0.3445020561261196,0.7567181310510782
-0.3341302822588196,-0.3341302822588196,-2.3352330400688133,0.6440681386006925,-0.25233614780248953
1.1223380117021655,1.1223380117021655,0.024481236918494062,-0.7055488386621755,1.2837805526081674
0.30322453819816625,-1.1792936900106505,0.7055488386621755,2.3352330400688133,0.38637528690319967
-1.1792936900106505,0.30322453819816625,-0.6440681386006925,-0.024481236918494062,-1.0347594810882446
-1.3538593640751064,-1.3538593640751064,-0.9700305791772408,-0.608329815634632,-0.3341302822588196
0.22212220822055745,0.22212220822055745,0.4289374437046087,0.7437441897466541,1.1223380117021655
0.9858255004050612,-0.4182268725484093,1.3787600432219227,-2.024013623719158,0.30322453819816625
-0.4182268725484093,0.9858255004050612,-0.21209714115184913,0.05387939904640625,-1.1792936900106505
-0.09315395984558328,-0.09315395984558328,0.10299271852083793,-0.26245749639715554,0.6561637811503791
1.7852624904353236,1.7852624904353236,-1.7390199717299037,1.2617708616359868,-0.6930450983876636
0.5618492257262567,-0.7964315436842329,-0.5504201225218275,-1.0516312816573352,-0.014687803133359814
-0.7964315436842329,0.5618492257262567,0.8099502839698922,0.3758461852165611,2.5205022171903595
-1.0347594810882446,-0.5965898492514454,-0.05387939904640625,1.7390199717299037,0.8655832397563085
0.38637528690319967,0.7567181310510782,2.024013623719158,-0.10299271852083793,-0.5053952562916195
1.2837805526081674,-1.9533237077453942,0.608329815634632,0.5504201225218275,-1.5836154758017882
-0.25233614780248953,0.06368788692413291,-0.7437441897466541,-0.8099502839698922,0.1424573696110161
-0.5965898492514454,-1.0347594810882446,1.0516312816573352,0.9700305791772408,-0.909130489944847
0.7567181310510782,0.38637528690319967,-0.3758461852165611,-0.4289374437046087,0.4722914812682607
0.06368788692413291,-0.25233614780248953,-1.2617708616359868,0.21209714115184913,1.4881218960233813
-1.9533237077453942,1.2837805526081674,0.26245749639715554,-1.3787600432219227,-0.17219878887180795
-2.1065540881628144,-0.5277739351481803,-1.2194953228462238,-0.08332421054403628,0.2020933455755962
0.04407609210022043,0.8374427401492454,0.2827822652124026,1.8356715369125434,-1.4045462481588746
0.7308942474276288,-1.6563238653408074,1.0863057362981006,-0.7830568136747741,-0.43969744961512014
-0.6201542325952075,0.12270115401660613,-0.3549110232907174,0.5733521971719525,0.9544740277674426
-0.2726058039056999,-0.9391451028960622,0.6320660015779467,-0.40756406632867975,-0.11284145736771417
1.2403559942306719,0.45050860628217826,-0.7181638738872306,1.001870276376982,1.6962225050066093
0.3653585875380232,-0.19210973438208,-0.03427701935143659,-1.329770950181209,0.5390624706817188
-1.0688078752591985,1.431301759102476,2.206575216537129,0.23216964940384524,-0.8236186950515331
-0.8236186950515331,-1.2194953228462238,-0.5277739351481803,0.7698207150120411,-2.1065540881628144
0.5390624706817188,0.2827822652124026,0.8374427401492454,-0.5849315401469273,0.04407609210022043
1.6962225050066093,-0.3549110232907174,0.12270115401660613,0.07350250596415873,0.7308942474276288
-0.11284145736771417,1.0863057362981006,-1.6563238653408074,-1.891229237820108,-0.6201542325952075
-0.43969744961512014,-0.03427701935143659,1.431301759102476,1.306430351127565,1.2403559942306719
0.9544740277674426,2.206575216537129,-0.19210973438208,-0.24224058377044752,-0.2726058039056999
0.2020933455755962,-0.7181638738872306,-0.9391451028960622,0.3969473991514547,-1.0688078752591985
-1.4045462481588746,0.6320660015779467,0.45050860628217826,-1.0181772056006682,0.3653585875380232
-1.2194953228462238,-0.8236186950515331,0.7308942474276288,-1.1598896185252787,1.0863057362981006
0.2827822652124026,0.5390624706817188,-0.6201542325952075,0.3134928526372756,-0.3549110232907174
1.0863057362981006,-0.11284145736771417,-2.1065540881628144,-0.32379432887895426,-1.2194953228462238
-0.3549110232907174,1.6962225050066093,0.04407609210022043,1.140912709342314,0.2827822652124026
-0.03427701935143659,-0.43969744961512014,-0.2726058039056999,-0.6806487851276465,-0.7181638738872306
2.206575216537129,0.9544740277674426,1.2403559942306719,0.668356195590579,0.6320660015779467
0.6320660015779467,-1.4045462481588746,0.3653585875380232,-0.004895777906342452,2.206575216537129
-0.7181638738872306,0.2020933455755962,-1.0688078752591985,2.8856349124267573,-0.03427701935143659
-0.9391451028960622,-0.2726058039056999,0.2020933455755962,0.4832668846726728,-0.5277739351481803
0.45050860628217826,1.2403559942306719,-1.4045462481588746,-0.894426479612224,0.8374427401492454
1.431301759102476,-1.0688078752591985,-0.43969744961512014,1.5184291411525912,0.12270115401660613
-0.19210973438208,0.3653585875380232,0.9544740277674426,-0.16226934990286979,-1.6563238653408074
-0.5277739351481803,-2.1065540881628144,-0.8236186950515331,0.15235588433847255,0.45050860628217826
0.8374427401492454,0.04407609210022043,0.5390624706817188,-1.5501990407917612,-0.9391451028960622
0.12270115401660613,-0.6201542325952075,1.6962225050066093,0.8799133538196812,-0.19210973438208
-1.6563238653408074,0.7308942474276288,-0.11284145736771417,-0.494300814491471,1.431301759102476
-1.8356715369125434,-1.8356715369125434,0.004895777906342452,1.2194953228462238,-1.140912709342314
0.08332421054403628,0.08332421054403628,-2.8856349124267573,-0.2827822652124026,0.32379432887895426
0.7830568136747741,-0.5733521971719525,-0.668356195590579,0.3549110232907174,1.1598896185252787
-0.5733521971719525,0.7830568136747741,0.6806487851276465,-1.0863057362981006,-0.3134928526372756
-0.23216964940384524,-0.23216964940384524,-1.140912709342314,0.7181638738872306,0.6806487851276465
1.329770950181209,1.329770950181209,0.32379432887895426,-0.6320660015779467,-0.668356195590579
0.40756406632867975,-1.001870276376982,1.1598896185252787,0.03427701935143659,-2.8856349124267573
-1.001870276376982,0.40756406632867975,-0.3134928526372756,-2.206575216537129,0.004895777906342452
-0.7698207150120411,-0.3969473991514547,0.894426479612224,-0.45050860628217826,0.494300814491471
0.5849315401469273,1.0181772056006682,-0.4832668846726728,0.9391451028960622,-0.8799133538196812
1.891229237820108,-1.306430351127565,-1.5184291411525912,-1.431301759102476,-0.15235588433847255
-0.07350250596415873,0.24224058377044752,0.16226934990286979,0.19210973438208,1.5501990407917612
-0.3969473991514547,-0.7698207150120411,-0.15235588433847255,-0.12270115401660613,-0.4832668846726728
1.0181772056006682,0.5849315401469273,1.5501990407917612,1.6563238653408074,0.894426479612224
0.24224058377044752,-0.07350250596415873,0.494300814491471,-0.8374427401492454,0.16226934990286979
-1.306430351127565,1.891229237820108,-0.8799133538196812,0.5277739351481803,-1.5184291411525912
-1.5184291411525912,-0.15235588433847255,-0.3969473991514547,0.11284145736771417,-0.23216964940384524
0.16226934990286979,1.5501990407917612,1.0181772056006682,-1.6962225050066093,1.329770950181209
0.894426479612224,-0.8799133538196812,0.24224058377044752,0.8236186950515331,0.40756406632867975
-0.4832668846726728,0.494300814491471,-1.306430351127565,-0.5390624706817188,-1.001870276376982
-0.15235588433847255,-1.5184291411525912,1.891229237820108,0.43969744961512014,0.08332421054403628
1.5501990407917612,0.16226934990286979,-0.07350250596415873,-0.9544740277674426,-1.8356715369125434
0.494300814491471,-0.4832668846726728,-0.7698207150120411,1.4045462481588746,-0.5733521971719525
-0.8799133538196812,0.894426479612224,0.5849315401469273,-0.2020933455755962,0.7830568136747741
-1.140912709342314,-1.140912709342314,-1.8356715369125434,-0.7308942474276288,1.891229237820108
0.32379432887895426,0.32379432887895426,0.08332421054403628,0.6201542325952075,-0.07350250596415873
1.1598896185252787,-0.3134928526372756,0.7830568136747741,-0.04407609210022043,-0.7698207150120411
-0.3134928526372756,1.1598896185252787,-0.5733521971719525,2.1065540881628144,0.5849315401469273
-0.668356195590579,-0.668356195590579,0.40756406632867975,-1.2403559942306719,-1.306430351127565
0.6806487851276465,0.6806487851276465,-1.001870276376982,0.2726058039056999,0.24224058377044752
0.004895777906342452,-2.8856349124267573,-0.23216964940384524,-0.3653585875380232,1.0181772056006682
-2.8856349124267573,0.004895777906342452,1.329770950181209,1.0688078752591985,-0.3969473991514547
-2.7555488734534213,-0.6714198154951546,-0.3523052184024559,-1.030587340872674,1.2563630414546956
0.0073437035304316865,0.6775660548321905,1.0907324556930242,0.38901422305900923,-0.2649919995603254
0.6837379974010535,-3.0972690781987846,0.285330921640916,-0.24980988492924444,-1.0558962337637419
-0.6652988359199283,0.002447881619110678,-1.2143623787493454,1.289381110791798,0.3732204528416627
-0.3109227158932835,-1.1456182925778058,2.2354072435563226,-1.937089736546502,-2.0433720209426487
1.1646995653433325,0.32121577943501955,-0.03182780209293057,0.06614092968319732,0.05142812363411414
0.3263750330072811,-0.316065061863936,-0.7149994631622966,-0.5936677234297613,0.7405202558555266
-1.1362322540768561,1.1551063577765688,0.6350579434027778,0.7599815305008016,-0.6112778911915072
-0.8763139654641526,-1.5262278696483853,-1.6467503276689655,0.2246319275179016,-0.10545392952487531
0.49706867302872115,0.15978952613544958,0.12516790560843455,-1.3477637672852023,1.7280214712190125
1.5583908471842915,-0.4860198037565227,0.840923798724339,0.9898128045978631,0.5475741035737789
-0.1498798937235769,0.8907806181916392,-0.5249623344872751,-0.4155567572759348,-0.8133531275083586
-0.48051762319898167,-0.1548328093295355,0.4532195934378792,0.5647179471686867,0.2095942407786418
0.8980842689696584,1.5421099601364985,-0.9353472447015829,-0.7930745749907296,-1.3851204983069763
0.16475017195312006,-0.8835241782440987,-0.18961685940140477,1.79744107394942,-0.43162274444985954
-1.5107216853604954,0.4915367376468503,1.4381530790030166,-0.09069571567293114,0.9661195259694189
-1.3007052195221016,-0.7731170271162717,0.04652648495264178,-0.5026158619298016,0.45865160107084746
0.24476212095671696,0.5820294042886105,-2.0845587184079095,0.8691490244545862,-0.9277917101553855
1.022296424496816,-0.07595723045892103,-0.6171900543476944,-1.5750956196256842,-0.18463462628724892
-0.39430025505569755,1.8767900479810997,0.7340953538945743,0.1449306521724737,1.4520619702455726
-0.0710482242921843,-0.3995973277362648,-1.064484273379824,-0.1697148752854455,-0.5193515302210232
1.9060738492317588,1.0140751910401853,0.367976676977171,1.4955704631741844,0.8479166790964022
0.5878386109171436,-1.3121986270289594,1.2456562414949093,-0.9054361436757609,0.13010370989402809
-0.7665327463832696,0.23972058584837472,-0.2700661346464469,0.47502995158541667,-1.6280436763225334
-0.9978350005575892,-0.23468513642089558,0.9583414180189265,2.5840195805994783,-0.7086920087074232
0.41022537956700206,1.323868037598345,-0.43700272059665585,-0.012239701470896465,0.641058962903565
1.3357205650466528,-1.0059219324135378,-1.3980122953468572,0.6592026818602843,2.299362297403228
-0.22965563062574812,0.4049056365765779,0.20459235997506056,-0.6899360961841676,-0.026929925588937077
-0.5704693937860288,-1.8490324651688848,-0.11037828367403252,1.1269452618321583,1.099650625809756
0.786387293998826,0.0808680677627817,1.706631185363118,-0.3315429887098535,-0.3471007567515922
0.08578085609369135,-0.5762397733328102,0.5418953141316479,0.305788578807489,-1.2041913590841244
-1.8226304866355294,0.7797349965302431,-0.8201872399133212,-1.17440117463922,0.2904338180998936
-1.6467503276689655,-2.129618469119812,0.6837379974010535,0.5193515302210232,-0.47502995158541667
0.12516790560843455,0.041625963871211306,-0.6652988359199283,-0.8479166790964022,0.9054361436757609
0.840923798724339,-0.6231238697849673,-2.7555488734534213,1.6280436763225334,0.1697148752854455
-0.5249623344872751,0.7277006130347257,0.0073437035304316865,-0.13010370989402809,-1.4955704631741844
-0.18961685940140477,-0.27514723267163127,-0.3109227158932835,0.18463462628724892,0.5026158619298016
1.4381530790030166,1.2350903645997475,1.1646995653433325,-1.4520619702455726,-0.8691490244545862
0.4532195934378792,-1.073151549822087,0.3263750330072811,0.9277917101553855,-0.1449306521724737
-0.9353472447015829,0.36274300002125004,-1.1362322540768561,-0.45865160107084746,1.5750956196256842
-0.7149994631622966,-0.4423953753187943,0.16475017195312006,-2.299362297403228,0.6899360961841676
0.6350579434027778,0.9506208608707469,-1.5107216853604954,0.026929925588937077,-0.6592026818602843
2.2354072435563226,-1.4111407211052063,-0.48051762319898167,-0.641058962903565,-2.5840195805994783
-0.03182780209293057,0.19959559262873997,0.8980842689696584,0.7086920087074232,0.012239701470896465
-0.3523052184024559,-0.8270598757262572,-0.8763139654641526,-1.099650625809756,-1.1269452618321583
1.0907324556930242,0.5362339466226385,0.49706867302872115,0.3471007567515922,0.3315429887098535
0.285330921640916,-0.11530531588725647,1.5583908471842915,-0.2904338180998936,1.17440117463922
-1.2143623787493454,1.6859944154656104,-0.1498798937235769,1.2041913590841244,-0.305788578807489
-1.3980122953468572,-0.03672644224387693,-1.3007052195221016,1.0558962337637419,-1.289381110791798
0.20459235997506056,2.179468597789117,0.24476212095671696,-0.3732204528416627,0.24980988492924444
0.9583414180189265,-0.7213354923439306,1.022296424496816,0.2649919995603254,1.030587340872674
-0.43700272059665585,0.6290797071628326,-0.39430025505569755,-1.2563630414546956,-0.38901422305900923
-0.11037828367403252,-1.2246605998383226,0.5878386109171436,2.0433720209426487,1.937089736546502
1.706631185363118,0.2802354443185553,-0.7665327463832696,-0.05142812363411414,-0.06614092968319732
0.5418953141316479,-0.3575192403376983,-0.0710482242921843,0.6112778911915072,-0.7599815305008016
-0.8201872399133212,1.0819002022500188,1.9060738492317588,-0.7405202558555266,0.5936677234297613
-1.064484273379824,-0.942956555614785,-0.5704693937860288,-0.2095942407786418,0.09069571567293114
0.367976676977171,0.4478009260851802,0.786387293998826,1.3851204983069763,-1.79744107394942
1.2456562414949093,-0.19460380378831638,0.08578085609369135,-0.9661195259694189,-0.5647179471686867
-0.2700661346464469,1.424516974181767,-1.8226304866355294,0.43162274444985954,0.7930745749907296
-0.6171900543476944,-0.5305897141231045,1.3357205650466528,-0.5475741035737789,-0.2246319275179016
0.7340953538945743,0.8339718000521142,-0.22965563062574812,0.8133531275083586,1.3477637672852023
0.04652648495264178,-1.666051662388449,-0.9978350005575892,-1.7280214712190125,0.4155567572759348
-2.0845587184079095,0.12023514881976781,0.41022537956700206,0.10545392952487531,-0.9898128045978631
-1.937089736546502,-1.0389497113123018,-0.9054361436757609,1.3357205650466528,0.9353472447015829
0.06614092968319732,0.3837390387229142,0.47502995158541667,-0.22965563062574812,-0.4532195934378792
0.7599815305008016,-0.25486402211593356,1.4955704631741844,0.41022537956700206,-1.4381530790030166
-0.5936677234297613,1.2782199748364218,-0.1697148752854455,-0.9978350005575892,0.18961685940140477
-0.24980988492924444,-0.5995170781545224,0.1449306521724737,0.786387293998826,-0.840923798724339
1.289381110791798,0.7534627706531222,-1.5750956196256842,-0.5704693937860288,0.5249623344872751
0.38901422305900923,-1.9700894047578732,-0.5026158619298016,0.08578085609369135,1.6467503276689655
-1.030587340872674,0.061235227342468834,0.8691490244545862,-1.8226304866355294,-0.12516790560843455
-0.7930745749907296,-0.09561276707409001,-0.012239701470896465,-0.39430025505569755,-0.6350579434027778
0.5647179471686867,1.7733430778105805,2.5840195805994783,1.022296424496816,0.7149994631622966
1.79744107394942,-0.7997975116461997,0.6592026818602843,-1.3007052195221016,0.03182780209293057
-0.09069571567293114,0.5589851206271749,-0.6899360961841676,0.24476212095671696,-2.2354072435563226
-0.4155567572759348,-1.3600056846374062,1.1269452618321583,-0.0710482242921843,0.3523052184024559
0.9898128045978631,0.21961388722508968,-0.3315429887098535,1.9060738492317588,-1.0907324556930242
0.2246319275179016,-0.420899972915016,-1.17440117463922,-0.7665327463832696,-0.285330921640916
-1.3477637672852023,0.9818538081669375,0.305788578807489,0.5878386109171436,1.2143623787493454
-1.17440117463922,-0.33671981444444316,1.79744107394942,0.0073437035304316865,0.2700661346464469
0.305788578807489,1.117754462786034,-0.09069571567293114,-2.7555488734534213,-1.2456562414949093
1.1269452618321583,-1.1842145978557284,-0.7930745749907296,0.6837379974010535,-0.367976676977171
-0.3315429887098535,0.3006624895338867,0.5647179471686867,-0.6652988359199283,1.064484273379824
-0.012239701470896465,-0.6961608139761523,-0.4155567572759348,0.3263750330072811,-0.04652648495264178
2.5840195805994783,0.6531309280158444,0.9898128045978631,-1.1362322540768561,2.0845587184079095
0.6592026818602843,-0.017135992826087836,0.2246319275179016,1.1646995653433325,0.6171900543476944
-0.6899360961841676,2.4657708956964957,-1.3477637672852023,-0.3109227158932835,-0.7340953538945743
-0.9054361436757609,-1.5922518595232888,0.38901422305900923,-0.8763139654641526,-1.706631185363118
0.47502995158541667,0.13998495817373877,-1.030587340872674,0.49706867302872115,0.11037828367403252
1.4955704631741844,-0.508178560348605,-0.24980988492924444,-0.1498798937235769,0.8201872399133212
-0.1697148752854455,0.862028426972385,1.289381110791798,1.5583908471842915,-0.5418953141316479
-0.5026158619298016,-0.17468376535114075,-1.937089736546502,-1.5107216853604954,1.3980122953468572
0.8691490244545862,1.480754988392898,0.06614092968319732,0.16475017195312006,-0.20459235997506056
0.1449306521724737,-0.9128372860725488,0.7599815305008016,-0.48051762319898167,-0.9583414180189265
-1.5750956196256842,0.4695565482008664,-0.5936677234297613,0.8980842689696584,0.43700272059665585
-1.7280214712190125,-0.2955442886013643,0.5193515302210232,-0.03182780209293057,-0.24476212095671696
0.10545392952487531,1.194143409897718,-0.8479166790964022,2.2354072435563226,1.3007052195221016
0.8133531275083586,-1.1086571239839715,-0.13010370989402809,-0.7149994631622966,0.39430025505569755
-0.5475741035737789,0.3419056799305269,1.6280436763225334,0.6350579434027778,-1.022296424496816
-0.2095942407786418,-2.374386806053931,-1.4520619702455726,-0.3523052184024559,0.0710482242921843
1.3851204983069763,0.022032695030834076,0.18463462628724892,1.0907324556930242,-1.9060738492317588
0.43162274444985954,-0.6470831577643309,0.9277917101553855,-1.2143623787493454,-0.5878386109171436
-0.9661195259694189,0.7024126236953174,-0.45865160107084746,0.285330921640916,0.7665327463832696
-0.7405202558555266,-0.8549512708714593,1.2041913590841244,0.840923798724339,1.8226304866355294
0.6112778911915072,0.5137570283595164,-0.2904338180998936,-0.5249623344872751,-0.08578085609369135
2.0433720209426487,-0.13504268584370682,-1.099650625809756,0.12516790560843455,-0.786387293998826
-0.05142812363411414,1.6098899884187632,0.3471007567515922,-1.6467503276689655,0.5704693937860288
-0.3732204528416627,-0.46409717591088107,-0.641058962903565,1.4381530790030166,-1.3357205650466528
1.0558962337637419,0.9202887718830319,0.7086920087074232,-0.18961685940140477,0.22965563062574812
0.2649919995603254,-1.466257588413233,0.026929925588937077,0.4532195934378792,0.9978350005575892
-1.2563630414546956,0.17965697210979023,-2.299362297403228,-0.9353472447015829,-0.41022537956700206
-1.4520619702455726,-1.2672158356344725,-0.2095942407786418,-1.3980122953468572,-0.8980842689696584
0.18463462628724892,0.2599246780658715,1.3851204983069763,0.20459235997506056,0.48051762319898167
0.9277917101553855,-0.37847451141635546,0.43162274444985954,-0.43700272059665585,1.5107216853604954
-0.45865160107084746,1.0473853732350182,-0.9661195259694189,0.9583414180189265,-0.16475017195312006
-0.13010370989402809,-0.056330998249850266,0.8133531275083586,-0.8201872399133212,0.8763139654641526
1.6280436763225334,2.005385271924903,-0.5475741035737789,0.5418953141316479,-0.49706867302872115
0.5193515302210232,-0.7469758725328233,-1.7280214712190125,-0.11037828367403252,-1.5583908471842915
-0.8479166790964022,0.6053870177110623,0.10545392952487531,1.706631185363118,0.1498798937235769
-1.099650625809756,-0.5532706067808212,-0.7405202558555266,0.367976676977171,0.6652988359199283
0.3471007567515922,0.8065567933794324,0.6112778911915072,-1.064484273379824,-0.6837379974010535
1.2041913590841244,-1.7502329518399753,2.0433720209426487,1.2456562414949093,-0.0073437035304316865
-0.2904338180998936,0.100532131244173,-0.05142812363411414,-0.2700661346464469,2.7555488734534213
-0.641058962903565,-0.9739565268823561,0.2649919995603254,0.04652648495264178,-0.3263750330072811
0.7086920087074232,0.42625523240607305,-1.2563630414546956,-2.0845587184079095,1.1362322540768561
0.026929925588937077,-0.21460137091761022,-0.3732204528416627,0.7340953538945743,0.3109227158932835
-2.299362297403228,1.3724548824108431,1.0558962337637419,-0.6171900543476944,-1.1646995653433325
-2.179468597789117,-1.3851204983069763,0.21460137091761022,1.0059219324135378,0.17965697210979023
0.03672644224387693,0.2095942407786418,-1.3724548824108431,-0.4049056365765779,-1.466257588413233
0.7213354923439306,-0.43162274444985954,-0.42625523240607305,0.23468513642089558,-0.46409717591088107
-0.6290797071628326,0.9661195259694189,0.9739565268823561,-1.323868037598345,0.9202887718830319
-0.2802354443185553,-0.10545392952487531,-0.8065567933794324,1.8490324651688848,-0.13504268584370682
1.2246605998383226,1.7280214712190125,0.5532706067808212,-0.0808680677627817,1.6098899884187632
0.3575192403376983,-0.8133531275083586,1.7502329518399753,0.5762397733328102,0.5137570283595164
-1.0819002022500188,0.5475741035737789,-0.100532131244173,-0.7797349965302431,-0.8549512708714593
-0.8339718000521142,-0.6112778911915072,0.7469758725328233,-0.23972058584837472,-2.374386806053931
0.5305897141231045,0.7405202558555266,-0.6053870177110623,1.3121986270289594,0.022032695030834076
1.666051662388449,-2.0433720209426487,-2.005385271924903,-1.0140751910401853,0.7024126236953174
-0.12023514881976781,0.05142812363411414,0.056330998249850266,0.3995973277362648,-0.6470831577643309
-0.4478009260851802,-1.0558962337637419,-0.2599246780658715,-0.5820294042886105,1.194143409897718
0.942956555614785,0.3732204528416627,1.2672158356344725,0.7731170271162717,-0.2955442886013643
0.19460380378831638,-0.2649919995603254,0.37847451141635546,-1.8767900479810997,-1.1086571239839715
-1.424516974181767,1.2563630414546956,-1.0473853732350182,0.07595723045892103,0.3419056799305269
-1.2350903645997475,-0.18463462628724892,-0.5137570283595164,0.6714198154951546,1.0473853732350182
0.27514723267163127,1.4520619702455726,0.8549512708714593,-0.6775660548321905,-0.37847451141635546
1.073151549822087,-0.9277917101553855,0.13504268584370682,3.0972690781987846,-1.2672158356344725
-0.36274300002125004,0.45865160107084746,-1.6098899884187632,-0.002447881619110678,0.2599246780658715
-0.041625963871211306,-1.6280436763225334,1.466257588413233,0.316065061863936,-0.7469758725328233
2.129618469119812,0.13010370989402809,-0.17965697210979023,-1.1551063577765688,0.6053870177110623
0.6231238697849673,-0.5193515302210232,-0.9202887718830319,1.1456182925778058,2.005385271924903
-0.7277006130347257,0.8479166790964022,0.46409717591088107,-0.32121577943501955,-0.056330998249850266
-0.9506208608707469,-0.7086920087074232,-1.194143409897718,-1.5421099601364985,-0.5532706067808212
0.4423953753187943,0.641058962903565,0.2955442886013643,0.1548328093295355,0.8065567933794324
1.4111407211052063,-0.026929925588937077,1.1086571239839715,-0.4915367376468503,0.100532131244173
-0.19959559262873997,2.299362297403228,-0.3419056799305269,0.8835241782440987,-1.7502329518399753
-0.5362339466226385,-0.3471007567515922,0.6470831577643309,-0.8907806181916392,0.42625523240607305
0.8270598757262572,1.099650625809756,-0.7024126236953174,0.4860198037565227,-0.9739565268823561
0.11530531588725647,-1.2041913590841244,-0.022032695030834076,-0.15978952613544958,-0.21460137091761022
-1.6859944154656104,0.2904338180998936,2.374386806053931,1.5262278696483853,1.3724548824108431
-1.5421099601364985,-0.47502995158541667,-1.7733430778105805,-0.6290797071628326,-1.0389497113123018
0.1548328093295355,0.9054361436757609,0.09561276707409001,0.7213354923439306,0.3837390387229142
0.8835241782440987,-1.4955704631741844,0.7997975116461997,-2.179468597789117,1.2782199748364218
-0.4915367376468503,0.1697148752854455,-0.5589851206271749,0.03672644224387693,-0.25486402211593356
-0.15978952613544958,-0.8691490244545862,0.420899972915016,-0.2802354443185553,0.7534627706531222
1.5262278696483853,0.5026158619298016,-0.9818538081669375,1.2246605998383226,-0.5995170781545224
0.4860198037565227,-0.1449306521724737,-0.21961388722508968,-1.0819002022500188,-1.9700894047578732
-0.8907806181916392,1.5750956196256842,1.3600056846374062,0.3575192403376983,0.061235227342468834
-0.6775660548321905,-2.5840195805994783,-0.3837390387229142,1.666051662388449,0.5589851206271749
0.6714198154951546,0.012239701470896465,1.0389497113123018,-0.12023514881976781,-0.7997975116461997
3.0972690781987846,-0.6592026818602843,0.25486402211593356,0.5305897141231045,-0.09561276707409001
-0.002447881619110678,0.6899360961841676,-1.2782199748364218,-0.8339718000521142,1.7733430778105805
-0.32121577943501955,-0.305788578807489,1.9700894047578732,0.942956555614785,-0.420899972915016
1.1456182925778058,1.17440117463922,-0.061235227342468834,-0.4478009260851802,0.9818538081669375
0.316065061863936,-1.1269452618321583,-0.7534627706531222,0.19460380378831638,0.21961388722508968
-1.1551063577765688,0.3315429887098535,0.5995170781545224,-1.424516974181767,-1.3600056846374062
-1.323868037598345,-0.9898128045978631,0.9128372860725488,-0.9506208608707469,-0.17468376535114075
0.23468513642089558,0.4155567572759348,-0.4695565482008664,0.4423953753187943,1.480754988392898
1.0059219324135378,-0.2246319275179016,-1.480754988392898,-0.19959559262873997,0.4695565482008664
-0.4049056365765779,1.3477637672852023,0.17468376535114075,1.4111407211052063,-0.9128372860725488
-0.0808680677627817,-0.5647179471686867,-0.13998495817373877,-1.6859944154656104,0.13998495817373877
1.8490324651688848,0.7930745749907296,1.5922518595232888,0.11530531588725647,-1.5922518595232888
0.5762397733328102,-1.79744107394942,0.508178560348605,-0.5362339466226385,-0.508178560348605
-0.7797349965302431,0.09069571567293114,-0.862028426972385,0.8270598757262572,0.862028426972385
-1.0140751910401853,-0.06614092968319732,0.017135992826087836,0.27514723267163127,2.4657708956964957
0.3995973277362648,1.937089736546502,-2.4657708956964957,-1.2350903645997475,-0.017135992826087836
1.3121986270289594,-0.7599815305008016,-0.6531309280158444,1.073151549822087,-0.6961608139761523
-0.23972058584837472,0.5936677234297613,0.6961608139761523,-0.36274300002125004,0.6531309280158444
-0.5820294042886105,-1.289381110791798,-1.117754462786034,0.6231238697849673,-1.1842145978557284
0.7731170271162717,0.24980988492924444,0.33671981444444316,-0.7277006130347257,0.3006624895338867
0.07595723045892103,-0.38901422305900923,1.1842145978557284,2.129618469119812,1.117754462786034
-1.8767900479810997,1.030587340872674,-0.3006624895338867,-0.041625963871211306,-0.33671981444444316
-2.005385271924903,-0.12516790560843455,1.3121986270289594,-1.2782199748364218,0.36274300002125004
0.056330998249850266,1.6467503276689655,-0.23972058584837472,0.25486402211593356,-1.073151549822087
0.7469758725328233,-0.840923798724339,-1.0140751910401853,-0.3837390387229142,-0.27514723267163127
-0.6053870177110623,0.5249623344872751,0.3995973277362648,1.0389497113123018,1.2350903645997475
-0.2599246780658715,-1.4381530790030166,-0.5820294042886105,-0.7534627706531222,-0.6231238697849673
1.2672158356344725,0.18961685940140477,0.7731170271162717,0.5995170781545224,0.7277006130347257
0.37847451141635546,-0.4532195934378792,0.07595723045892103,-0.061235227342468834,0.041625963871211306
-1.0473853732350182,0.9353472447015829,-1.8767900479810997,1.9700894047578732,-2.129618469119812
-0.8065567933794324,-1.0907324556930242,0.5762397733328102,0.420899972915016,-0.8270598757262572
0.5532706067808212,0.3523052184024559,-0.7797349965302431,-0.9818538081669375,0.5362339466226385
1.7502329518399753,-0.285330921640916,-0.0808680677627817,1.3600056846374062,1.6859944154656104
-0.100532131244173,1.2143623787493454,1.8490324651688848,-0.21961388722508968,-0.11530531588725647
-0.42625523240607305,-0.6350579434027778,-1.323868037598345,0.09561276707409001,0.9506208608707469
0.9739565268823561,0.7149994631622966,0.23468513642089558,-1.7733430778105805,-0.4423953753187943
0.21460137091761022,-2.2354072435563226,1.0059219324135378,0.7997975116461997,-1.4111407211052063
-1.3724548824108431,0.03182780209293057,-0.4049056365765779,-0.5589851206271749,0.19959559262873997
-1.194143409897718,-1.706631185363118,-0.6775660548321905,-0.13998495817373877,1.424516974181767
0.2955442886013643,0.11037828367403252,0.6714198154951546,1.5922518595232888,-0.19460380378831638
1.1086571239839715,-0.5418953141316479,3.0972690781987846,-0.862028426972385,-0.942956555614785
-0.3419056799305269,0.8201872399133212,-0.002447881619110678,0.508178560348605,0.4478009260851802
-0.022032695030834076,-0.20459235997506056,0.316065061863936,-0.4695565482008664,-1.666051662388449
2.374386806053931,1.3980122953468572,-1.1551063577765688,0.9128372860725488,0.12023514881976781
0.6470831577643309,-0.9583414180189265,-0.32121577943501955,-1.480754988392898,0.8339718000521142
-0.7024126236953174,0.43700272059665585,1.1456182925778058,0.17468376535114075,-0.5305897141231045
-0.9202887718830319,-0.367976676977171,-0.15978952613544958,0.6961608139761523,-0.03672644224387693
0.46409717591088107,1.064484273379824,1.5262278696483853,-0.6531309280158444,2.179468597789117
1.466257588413233,-1.2456562414949093,0.4860198037565227,0.017135992826087836,0.6290797071628326
-0.17965697210979023,0.2700661346464469,-0.8907806181916392,-2.4657708956964957,-0.7213354923439306
-0.5137570283595164,-0.7340953538945743,0.8835241782440987,1.1842145978557284,0.2802354443185553
0.8549512708714593,0.6171900543476944,-0.4915367376468503,-0.3006624895338867,-1.2246605998383226
0.13504268584370682,-0.04652648495264178,-1.5421099601364985,0.33671981444444316,-0.3575192403376983
-1.6098899884187632,2.0845587184079095,0.1548328093295355,-1.117754462786034,1.0819002022500188
-1.7733430778105805,-0.786387293998826,-0.041625963871211306,0.13504268584370682,-1.5262278696483853
0.09561276707409001,0.5704693937860288,2.129618469119812,-1.6098899884187632,0.15978952613544958
0.7997975116461997,-0.08578085609369135,0.6231238697849673,0.8549512708714593,0.8907806181916392
-0.5589851206271749,1.8226304866355294,-0.7277006130347257,-0.5137570283595164,-0.4860198037565227
-0.21961388722508968,-0.41022537956700206,1.073151549822087,0.46409717591088107,1.5421099601364985
1.3600056846374062,0.9978350005575892,-0.36274300002125004,-0.9202887718830319,-0.1548328093295355
0.420899972915016,-1.3357205650466528,-1.2350903645997475,1.466257588413233,-0.8835241782440987
-0.9818538081669375,0.22965563062574812,0.27514723267163127,-0.17965697210979023,0.4915367376468503
-0.7534627706531222,-0.24476212095671696,-0.9506208608707469,-0.7024126236953174,0.002447881619110678
0.5995170781545224,1.3007052195221016,0.4423953753187943,0.6470831577643309,-3.0972690781987846
1.9700894047578732,-1.022296424496816,1.4111407211052063,-0.022032695030834076,-0.6714198154951546
-0.061235227342468834,0.39430025505569755,-0.19959559262873997,2.374386806053931,0.6775660548321905
-0.3837390387229142,-1.9060738492317588,0.11530531588725647,-1.194143409897718,-0.316065061863936
1.0389497113123018,0.0710482242921843,-1.6859944154656104,0.2955442886013643,1.1551063577765688
0.25486402211593356,-0.5878386109171436,-0.5362339466226385,-0.3419056799305269,0.32121577943501955
-1.2782199748364218,0.7665327463832696,0.8270598757262572,1.1086571239839715,-1.1456182925778058
-1.480754988392898,-0.49706867302872115,0.3575192403376983,1.2672158356344725,-0.3995973277362648
0.17468376535114075,0.8763139654641526,-1.0819002022500188,-0.2599246780658715,1.0140751910401853
0.9128372860725488,-1.5583908471842915,-0.2802354443185553,0.37847451141635546,0.23972058584837472
-0.4695565482008664,0.1498798937235769,1.2246605998383226,-1.0473853732350182,-1.3121986270289594
-0.13998495817373877,-0.8980842689696584,-2.179468597789117,0.7469758725328233,0.5820294042886105
1.5922518595232888,0.48051762319898167,0.03672644224387693,-0.6053870177110623,-0.7731170271162717
0.508178560348605,-0.16475017195312006,0.7213354923439306,0.056330998249850266,-0.07595723045892103
-0.862028426972385,1.5107216853604954,-0.6290797071628326,-2.005385271924903,1.8767900479810997
-1.117754462786034,-1.1646995653433325,1.666051662388449,-0.42625523240607305,0.7797349965302431
0.33671981444444316,0.3109227158932835,-0.12023514881976781,0.9739565268823561,-0.5762397733328102
1.1842145978557284,-0.3263750330072811,-0.8339718000521142,-1.3724548824108431,-1.8490324651688848
-0.3006624895338867,1.1362322540768561,0.5305897141231045,0.21460137091761022,0.0808680677627817
-0.6531309280158444,-0.0073437035304316865,-0.4478009260851802,-0.100532131244173,-1.0059219324135378
0.6961608139761523,2.7555488734534213,0.942956555614785,1.7502329518399753,0.4049056365765779
0.017135992826087836,-0.6837379974010535,0.19460380378831638,-0.8065567933794324,1.323868037598345
-2.4657708956964957,0.6652988359199283,-1.424516974181767,0.5532706067808212,-0.23468513642089558
-2.5840195805994783,-0.6775660548321905,2.0845587184079095,-0.17468376535114075,-0.8763139654641526
0.012239701470896465,0.6714198154951546,-0.04652648495264178,1.480754988392898,0.49706867302872115
0.6899360961841676,-0.002447881619110678,-0.7340953538945743,-0.9128372860725488,1.5583908471842915
-0.6592026818602843,3.0972690781987846,0.6171900543476944,0.4695565482008664,-0.1498798937235769
-0.305788578807489,-0.32121577943501955,-0.367976676977171,-0.508178560348605,0.8980842689696584
1.17440117463922,1.1456182925778058,1.064484273379824,0.862028426972385,-0.48051762319898167
0.3315429887098535,-1.1551063577765688,0.2700661346464469,-1.5922518595232888,-1.5107216853604954
-1.1269452618321583,0.316065061863936,-1.2456562414949093,0.13998495817373877,0.16475017195312006
-0.8691490244545862,-0.15978952613544958,0.43700272059665585,1.117754462786034,0.3263750330072811
0.5026158619298016,1.5262278696483853,-0.9583414180189265,-0.33671981444444316,-1.1362322540768561
1.5750956196256842,-0.8907806181916392,-0.20459235997506056,0.3006624895338867,-0.3109227158932835
-0.1449306521724737,0.4860198037565227,1.3980122953468572,-1.1842145978557284,1.1646995653433325
-0.47502995158541667,-1.5421099601364985,-1.706631185363118,2.4657708956964957,-0.6652988359199283
0.9054361436757609,0.1548328093295355,0.11037828367403252,-0.017135992826087836,0.6837379974010535
0.1697148752854455,-0.4915367376468503,0.8201872399133212,0.6531309280158444,0.0073437035304316865
-1.4955704631741844,0.8835241782440987,-0.5418953141316479,-0.6961608139761523,-2.7555488734534213
-1.289381110791798,-0.5820294042886105,-1.0907324556930242,-1.9700894047578732,-0.0710482242921843
0.24980988492924444,0.7731170271162717,0.3523052184024559,0.061235227342468834,1.9060738492317588
1.030587340872674,-1.8767900479810997,1.2143623787493454,-0.5995170781545224,0.5878386109171436
-0.38901422305900923,0.07595723045892103,-0.285330921640916,0.7534627706531222,-0.7665327463832696
-0.06614092968319732,-1.0140751910401853,0.03182780209293057,-1.0389497113123018,0.24476212095671696
1.937089736546502,0.3995973277362648,-2.2354072435563226,0.3837390387229142,-1.3007052195221016
0.5936677234297613,-0.23972058584837472,-0.6350579434027778,-0.25486402211593356,-0.39430025505569755
-0.7599815305008016,1.3121986270289594,0.7149994631622966,1.2782199748364218,1.022296424496816
-0.9898128045978631,-1.323868037598345,-0.12516790560843455,0.5589851206271749,1.3357205650466528
0.4155567572759348,0.23468513642089558,1.6467503276689655,-0.7997975116461997,-0.22965563062574812
1.3477637672852023,-0.4049056365765779,0.5249623344872751,1.7733430778105805,-0.9978350005575892
-0.2246319275179016,1.0059219324135378,-0.840923798724339,-0.09561276707409001,0.41022537956700206
-0.5647179471686867,-0.0808680677627817,0.9353472447015829,0.21961388722508968,-1.8226304866355294
0.7930745749907296,1.8490324651688848,-0.4532195934378792,-1.3600056846374062,0.08578085609369135
0.09069571567293114,-0.7797349965302431,-1.4381530790030166,0.9818538081669375,0.786387293998826
-1.79744107394942,0.5762397733328102,0.18961685940140477,-0.420899972915016,-0.5704693937860288
-1.6280436763225334,-0.041625963871211306,-0.24476212095671696,2.005385271924903,0.04652648495264178
0.13010370989402809,2.129618469119812,1.3007052195221016,-0.056330998249850266,-2.0845587184079095
0.8479166790964022,-0.7277006130347257,0.39430025505569755,0.6053870177110623,-0.6171900543476944
-0.5193515302210232,0.6231238697849673,-1.022296424496816,-0.7469758725328233,0.7340953538945743
-0.18463462628724892,-1.2350903645997475,0.7665327463832696,1.0473853732350182,-0.2700661346464469
1.4520619702455726,0.27514723267163127,-0.5878386109171436,-0.37847451141635546,1.2456562414949093
0.45865160107084746,-0.36274300002125004,-1.9060738492317588,0.2599246780658715,0.367976676977171
-0.9277917101553855,1.073151549822087,0.0710482242921843,-1.2672158356344725,-1.064484273379824
-0.7086920087074232,-0.9506208608707469,-0.786387293998826,-0.5532706067808212,-1.3980122953468572
0.641058962903565,0.4423953753187943,0.5704693937860288,0.8065567933794324,0.20459235997506056
2.299362297403228,-0.19959559262873997,1.8226304866355294,-1.7502329518399753,0.9583414180189265
-0.026929925588937077,1.4111407211052063,-0.08578085609369135,0.100532131244173,-0.43700272059665585
-0.3471007567515922,-0.5362339466226385,0.22965563062574812,-0.21460137091761022,1.706631185363118
1.099650625809756,0.8270598757262572,-1.3357205650466528,1.3724548824108431,-0.11037828367403252
0.2904338180998936,-1.6859944154656104,-0.41022537956700206,-0.9739565268823561,-0.8201872399133212
-1.2041913590841244,0.11530531588725647,0.9978350005575892,0.42625523240607305,0.5418953141316479
-1.3851204983069763,-2.179468597789117,0.6652988359199283,0.17965697210979023,0.840923798724339
0.2095942407786418,0.03672644224387693,-0.6837379974010535,-1.466257588413233,-0.5249623344872751
0.9661195259694189,-0.6290797071628326,-0.0073437035304316865,0.9202887718830319,-1.6467503276689655
-0.43162274444985954,0.7213354923439306,2.7555488734534213,-0.46409717591088107,0.12516790560843455
-0.10545392952487531,-0.2802354443185553,-1.1646995653433325,0.5137570283595164,-0.9353472447015829
1.7280214712190125,1.2246605998383226,0.3109227158932835,-0.8549512708714593,0.4532195934378792
0.5475741035737789,-1.0819002022500188,1.1362322540768561,1.6098899884187632,1.4381530790030166
-0.8133531275083586,0.3575192403376983,-0.3263750330072811,-0.13504268584370682,-0.18961685940140477
-1.0558962337637419,-0.4478009260851802,1.5107216853604954,-1.1086571239839715,-0.3523052184024559
0.3732204528416627,0.942956555614785,-0.16475017195312006,0.3419056799305269,1.0907324556930242
1.2563630414546956,-1.424516974181767,-0.8980842689696584,-0.2955442886013643,0.285330921640916
-0.2649919995603254,0.19460380378831638,0.48051762319898167,1.194143409897718,-1.2143623787493454
-0.6112778911915072,-0.8339718000521142,-0.49706867302872115,-2.374386806053931,0.6350579434027778
0.7405202558555266,0.5305897141231045,0.8763139654641526,0.022032695030834076,-0.7149994631622966
0.05142812363411414,-0.12023514881976781,0.1498798937235769,-0.6470831577643309,-0.03182780209293057
-2.0433720209426487,1.666051662388449,-1.5583908471842915,0.7024126236953174,2.2354072435563226
-1.9060738492317588,-0.3837390387229142,0.09069571567293114,0.32121577943501955,-1.937089736546502
0.0710482242921843,1.0389497113123018,-1.79744107394942,-1.1456182925778058,0.06614092968319732
0.7665327463832696,-1.2782199748364218,-0.5647179471686867,1.1551063577765688,0.7599815305008016
-0.5878386109171436,0.25486402211593356,0.7930745749907296,-0.316065061863936,-0.5936677234297613
-0.24476212095671696,-0.7534627706531222,-0.9898128045978631,0.002447881619110678,1.289381110791798
1.3007052195221016,0.5995170781545224,0.4155567572759348,-3.0972690781987846,-0.24980988492924444
0.39430025505569755,-0.061235227342468834,1.3477637672852023,0.6775660548321905,-1.030587340872674
-1.022296424496816,1.9700894047578732,-0.2246319275179016,-0.6714198154951546,0.38901422305900923
-0.786387293998826,-1.7733430778105805,1.030587340872674,-1.5262278696483853,0.2246319275179016
0.5704693937860288,0.09561276707409001,-0.38901422305900923,0.15978952613544958,-1.3477637672852023
1.8226304866355294,-0.5589851206271749,-1.289381110791798,-0.4860198037565227,-0.4155567572759348
-0.08578085609369135,0.7997975116461997,0.24980988492924444,0.8907806181916392,0.9898128045978631
-0.41022537956700206,-0.21961388722508968,-0.06614092968319732,-0.8835241782440987,-0.09069571567293114
0.9978350005575892,1.3600056846374062,1.937089736546502,0.4915367376468503,1.79744107394942
0.22965563062574812,-0.9818538081669375,0.5936677234297613,-0.1548328093295355,0.5647179471686867
-1.3357205650466528,0.420899972915016,-0.7599815305008016,1.5421099601364985,-0.7930745749907296
-1.1646995653433325,-1.117754462786034,-0.47502995158541667,0.7797349965302431,-0.5026158619298016
0.3109227158932835,0.33671981444444316,0.9054361436757609,-0.5762397733328102,0.8691490244545862
1.1362322540768561,-0.3006624895338867,0.1697148752854455,0.0808680677627817,0.1449306521724737
-0.3263750330072811,1.1842145978557284,-1.4955704631741844,-1.8490324651688848,-1.5750956196256842
-0.0073437035304316865,-0.6531309280158444,1.5750956196256842,1.323868037598345,0.47502995158541667
2.7555488734534213,0.6961608139761523,-0.1449306521724737,-0.23468513642089558,-0.9054361436757609
0.6652988359199283,-2.4657708956964957,-0.8691490244545862,0.4049056365765779,-0.1697148752854455
-0.6837379974010535,0.017135992826087836,0.5026158619298016,-1.0059219324135378,1.4955704631741844
-0.8980842689696584,-0.13998495817373877,-2.5840195805994783,-0.07595723045892103,1.1269452618321583
0.48051762319898167,1.5922518595232888,0.012239701470896465,1.8767900479810997,-0.3315429887098535
1.5107216853604954,-0.862028426972385,0.6899360961841676,-0.7731170271162717,-1.17440117463922
-0.16475017195312006,0.508178560348605,-0.6592026818602843,0.5820294042886105,0.305788578807489
-0.49706867302872115,-1.480754988392898,0.3315429887098535,-0.3995973277362648,-0.6899360961841676
0.8763139654641526,0.17468376535114075,-1.1269452618321583,1.0140751910401853,0.6592026818602843
0.1498798937235769,-0.4695565482008664,-0.305788578807489,-1.3121986270289594,2.5840195805994783
-1.5583908471842915,0.9128372860725488,1.17440117463922,0.23972058584837472,-0.012239701470896465
-1.706631185363118,-1.194143409897718,-1.3851204983069763,-0.8270598757262572,0.5193515302210232
0.11037828367403252,0.2955442886013643,0.2095942407786418,0.5362339466226385,-0.8479166790964022
0.8201872399133212,-0.3419056799305269,0.9661195259694189,-0.11530531588725647,-0.13010370989402809
-0.5418953141316479,1.1086571239839715,-0.43162274444985954,1.6859944154656104,1.6280436763225334
-0.20459235997506056,-0.022032695030834076,0.5475741035737789,-1.4111407211052063,-0.45865160107084746
1.3980122953468572,2.374386806053931,-0.8133531275083586,0.19959559262873997,0.9277917101553855
0.43700272059665585,-0.7024126236953174,-0.10545392952487531,-0.4423953753187943,0.18463462628724892
-0.9583414180189265,0.6470831577643309,1.7280214712190125,0.9506208608707469,-1.4520619702455726
-0.7340953538945743,-0.5137570283595164,-0.6112778911915072,0.041625963871211306,-1.099650625809756
0.6171900543476944,0.8549512708714593,0.7405202558555266,-2.129618469119812,0.3471007567515922
2.0845587184079095,-1.6098899884187632,0.05142812363411414,0.7277006130347257,1.2041913590841244
-0.04652648495264178,0.13504268584370682,-2.0433720209426487,-0.6231238697849673,-0.2904338180998936
-0.367976676977171,-0.9202887718830319,1.2563630414546956,0.36274300002125004,0.7086920087074232
1.064484273379824,0.46409717591088107,-0.2649919995603254,-1.073151549822087,-0.641058962903565
0.2700661346464469,-0.17965697210979023,-1.0558962337637419,1.2350903645997475,-2.299362297403228
-1.2456562414949093,1.466257588413233,0.3732204528416627,-0.27514723267163127,0.026929925588937077
-1.4381530790030166,-0.2599246780658715,0.8479166790964022,-0.3575192403376983,2.0433720209426487
0.18961685940140477,1.2672158356344725,-0.5193515302210232,1.0819002022500188,-0.05142812363411414
0.9353472447015829,-1.0473853732350182,-1.6280436763225334,-1.2246605998383226,-0.7405202558555266
-0.4532195934378792,0.37847451141635546,0.13010370989402809,0.2802354443185553,0.6112778911915072
-0.12516790560843455,-2.005385271924903,-0.18463462628724892,-0.03672644224387693,-1.2563630414546956
1.6467503276689655,0.056330998249850266,1.4520619702455726,2.179468597789117,0.2649919995603254
0.5249623344872751,-0.6053870177110623,0.45865160107084746,-0.7213354923439306,1.0558962337637419
-0.840923798724339,0.7469758725328233,-0.9277917101553855,0.6290797071628326,-0.3732204528416627
-1.0907324556930242,-0.8065567933794324,0.2904338180998936,1.424516974181767,-0.2095942407786418
0.3523052184024559,0.5532706067808212,-1.2041913590841244,-0.19460380378831638,1.3851204983069763
1.2143623787493454,-0.100532131244173,-0.3471007567515922,0.4478009260851802,0.43162274444985954
-0.285330921640916,1.7502329518399753,1.099650625809756,-0.942956555614785,-0.9661195259694189
-0.6350579434027778,-0.42625523240607305,-0.7086920087074232,0.8339718000521142,0.10545392952487531
0.7149994631622966,0.9739565268823561,0.641058962903565,-0.5305897141231045,-1.7280214712190125
0.03182780209293057,-1.3724548824108431,2.299362297403228,0.12023514881976781,-0.5475741035737789
-2.2354072435563226,0.21460137091761022,-0.026929925588937077,-1.666051662388449,0.8133531275083586
-2.374386806053931,-0.2095942407786418,-0.8549512708714593,0.3109227158932835,-0.5820294042886105
0.022032695030834076,1.3851204983069763,0.5137570283595164,-1.1646995653433325,0.7731170271162717
0.7024126236953174,-0.9661195259694189,1.6098899884187632,1.1362322540768561,0.07595723045892103
-0.6470831577643309,0.43162274444985954,-0.13504268584370682,-0.3263750330072811,-1.8767900479810997
-0.2955442886013643,-1.7280214712190125,0.17965697210979023,0.6652988359199283,0.3995973277362648
1.194143409897718,0.10545392952487531,-1.466257588413233,-0.6837379974010535,-1.0140751910401853
0.3419056799305269,-0.5475741035737789,-0.46409717591088107,2.7555488734534213,-0.23972058584837472
-1.1086571239839715,0.8133531275083586,0.9202887718830319,-0.0073437035304316865,1.3121986270289594
-0.8549512708714593,-0.7405202558555266,-0.2955442886013643,-0.8980842689696584,1.0059219324135378
0.5137570283595164,0.6112778911915072,1.194143409897718,0.48051762319898167,-0.4049056365765779
1.6098899884187632,-0.05142812363411414,0.3419056799305269,-0.16475017195312006,-1.323868037598345
-0.13504268584370682,2.0433720209426487,-1.1086571239839715,1.5107216853604954,0.23468513642089558
-0.46409717591088107,-0.3732204528416627,0.7024126236953174,-1.5583908471842915,-0.7797349965302431
0.9202887718830319,1.0558962337637419,-0.6470831577643309,0.1498798937235769,0.5762397733328102
0.17965697210979023,-1.2563630414546956,-2.374386806053931,-0.49706867302872115,1.8490324651688848
-1.466257588413233,0.2649919995603254,0.022032695030834076,0.8763139654641526,-0.0808680677627817
-1.2672158356344725,-1.4520619702455726,1.3724548824108431,1.8226304866355294,-1.5421099601364985
0.2599246780658715,0.18463462628724892,-0.21460137091761022,-0.08578085609369135,0.1548328093295355
1.0473853732350182,-0.45865160107084746,-0.9739565268823561,0.5704693937860288,0.8835241782440987
-0.37847451141635546,0.9277917101553855,0.42625523240607305,-0.786387293998826,-0.4915367376468503
-0.056330998249850266,-0.13010370989402809,-0.5532706067808212,0.9978350005575892,1.5262278696483853
2.005385271924903,1.6280436763225334,0.8065567933794324,-0.41022537956700206,-0.15978952613544958
0.6053870177110623,-0.8479166790964022,0.100532131244173,0.22965563062574812,-0.8907806181916392
-0.7469758725328233,0.5193515302210232,-1.7502329518399753,-1.3357205650466528,0.4860198037565227
-0.9739565268823561,-0.641058962903565,0.6053870177110623,-0.5878386109171436,0.316065061863936
0.42625523240607305,0.7086920087074232,-0.7469758725328233,0.7665327463832696,-1.1551063577765688
1.3724548824108431,-2.299362297403228,-0.056330998249850266,-1.9060738492317588,-0.32121577943501955
-0.21460137091761022,0.026929925588937077,2.005385271924903,0.0710482242921843,1.1456182925778058
-0.5532706067808212,-1.099650625809756,-1.2672158356344725,-0.24476212095671696,-0.002447881619110678
0.8065567933794324,0.3471007567515922,0.2599246780658715,1.3007052195221016,3.0972690781987846
0.100532131244173,-0.2904338180998936,1.0473853732350182,-1.022296424496816,0.6714198154951546
-1.7502329518399753,1.2041913590841244,-0.37847451141635546,0.39430025505569755,-0.6775660548321905
-1.5922518595232888,-0.9054361436757609,0.4695565482008664,-1.706631185363118,1.666051662388449
0.13998495817373877,0.47502995158541667,-0.9128372860725488,0.11037828367403252,-0.12023514881976781
0.862028426972385,-0.1697148752854455,-0.17468376535114075,-0.5418953141316479,-0.8339718000521142
-0.508178560348605,1.4955704631741844,1.480754988392898,0.8201872399133212,0.5305897141231045
-0.17468376535114075,-0.5026158619298016,-1.5922518595232888,-0.9583414180189265,-1.424516974181767
1.480754988392898,0.8691490244545862,0.13998495817373877,0.43700272059665585,0.19460380378831638
0.4695565482008664,-1.5750956196256842,0.862028426972385,-0.20459235997506056,0.942956555614785
-0.9128372860725488,0.1449306521724737,-0.508178560348605,1.3980122953468572,-0.4478009260851802
-0.6961608139761523,-0.012239701470896465,2.4657708956964957,0.6171900543476944,-0.2802354443185553
0.6531309280158444,2.5840195805994783,-0.017135992826087836,-0.7340953538945743,1.2246605998383226
2.4657708956964957,-0.6899360961841676,-0.6961608139761523,2.0845587184079095,0.3575192403376983
-0.017135992826087836,0.6592026818602843,0.6531309280158444,-0.04652648495264178,-1.0819002022500188
-0.33671981444444316,-1.17440117463922,-0.33671981444444316,0.2700661346464469,0.03672644224387693
1.117754462786034,0.305788578807489,1.117754462786034,-1.2456562414949093,-2.179468597789117
0.3006624895338867,-0.3315429887098535,0.3006624895338867,1.064484273379824,-0.6290797071628326
-1.1842145978557284,1.1269452618321583,-1.1842145978557284,-0.367976676977171,0.7213354923439306
-1.3600056846374062,-0.4155567572759348,-0.09561276707409001,-0.285330921640916,0.6231238697849673
0.21961388722508968,0.9898128045978631,1.7733430778105805,1.2143623787493454,-0.7277006130347257
0.9818538081669375,-1.3477637672852023,0.5589851206271749,-1.0907324556930242,-0.041625963871211306
-0.420899972915016,0.2246319275179016,-0.7997975116461997,0.3523052184024559,2.129618469119812
-0.09561276707409001,-0.7930745749907296,0.9818538081669375,-0.6350579434027778,-0.36274300002125004
1.7733430778105805,0.5647179471686867,-0.420899972915016,0.7149994631622966,1.073151549822087
0.5589851206271749,-0.09069571567293114,-1.3600056846374062,-2.2354072435563226,0.27514723267163127
-0.7997975116461997,1.79744107394942,0.21961388722508968,0.03182780209293057,-1.2350903645997475
-1.0389497113123018,-1.937089736546502,-1.0389497113123018,0.9353472447015829,-0.9506208608707469
0.3837390387229142,0.06614092968319732,0.3837390387229142,-0.4532195934378792,0.4423953753187943
1.2782199748364218,-0.5936677234297613,1.2782199748364218,0.18961685940140477,1.4111407211052063
-0.25486402211593356,0.7599815305008016,-0.25486402211593356,-1.4381530790030166,-0.19959559262873997
-0.5995170781545224,-0.24980988492924444,0.061235227342468834,1.6467503276689655,0.8270598757262572
0.7534627706531222,1.289381110791798,-1.9700894047578732,-0.12516790560843455,-0.5362339466226385
0.061235227342468834,-1.030587340872674,-0.5995170781545224,0.5249623344872751,-1.6859944154656104
-1.9700894047578732,0.38901422305900923,0.7534627706531222,-0.840923798724339,0.11530531588725647
-2.129618469119812,-1.6467503276689655,-0.6714198154951546,-0.47502995158541667,-0.13998495817373877
0.041625963871211306,0.12516790560843455,0.6775660548321905,0.9054361436757609,1.5922518595232888
0.7277006130347257,-0.5249623344872751,0.002447881619110678,-1.4955704631741844,0.508178560348605
-0.6231238697849673,0.840923798724339,-3.0972690781987846,0.1697148752854455,-0.862028426972385
-0.27514723267163127,-0.18961685940140477,1.1551063577765688,-0.1449306521724737,0.17468376535114075
1.2350903645997475,1.4381530790030166,-0.316065061863936,1.5750956196256842,-1.480754988392898
0.36274300002125004,-0.9353472447015829,-1.1456182925778058,-0.8691490244545862,-0.4695565482008664
-1.073151549822087,0.4532195934378792,0.32121577943501955,0.5026158619298016,0.9128372860725488
-0.8270598757262572,-0.3523052184024559,-1.5262278696483853,1.17440117463922,1.1842145978557284
0.5362339466226385,1.0907324556930242,0.15978952613544958,-0.305788578807489,-0.3006624895338867
1.6859944154656104,-1.2143623787493454,0.8907806181916392,0.3315429887098535,-1.117754462786034
-0.11530531588725647,0.285330921640916,-0.4860198037565227,-1.1269452618321583,0.33671981444444316
-0.4423953753187943,-0.7149994631622966,0.4915367376468503,0.6899360961841676,-2.4657708956964957
0.9506208608707469,0.6350579434027778,-0.8835241782440987,-0.6592026818602843,0.017135992826087836
0.19959559262873997,-0.03182780209293057,-0.1548328093295355,0.012239701470896465,0.6961608139761523
-1.4111407211052063,2.2354072435563226,1.5421099601364985,-2.5840195805994783,-0.6531309280158444
-1.2246605998383226,-0.11037828367403252,0.23972058584837472,-0.7599815305008016,-0.7534627706531222
0.2802354443185553,1.706631185363118,-1.3121986270289594,0.5936677234297613,0.5995170781545224
1.0819002022500188,-0.8201872399133212,-0.3995973277362648,-0.06614092968319732,1.9700894047578732
-0.3575192403376983,0.5418953141316479,1.0140751910401853,1.937089736546502,-0.061235227342468834
-0.03672644224387693,-1.3980122953468572,-0.7731170271162717,-1.289381110791798,1.0389497113123018
2.179468597789117,0.20459235997506056,0.5820294042886105,0.24980988492924444,-0.3837390387229142
0.6290797071628326,-0.43700272059665585,1.8767900479810997,-0.38901422305900923,-1.2782199748364218
-0.7213354923439306,0.9583414180189265,-0.07595723045892103,1.030587340872674,0.25486402211593356
-0.942956555614785,-1.064484273379824,0.7797349965302431,0.09069571567293114,0.420899972915016
0.4478009260851802,0.367976676977171,-0.5762397733328102,-1.79744107394942,-0.9818538081669375
1.424516974181767,-0.2700661346464469,-1.8490324651688848,0.7930745749907296,-0.21961388722508968
-0.19460380378831638,1.2456562414949093,0.0808680677627817,-0.5647179471686867,1.3600056846374062
-0.5305897141231045,-0.6171900543476944,-0.23468513642089558,0.4155567572759348,-0.5589851206271749
0.8339718000521142,0.7340953538945743,1.323868037598345,-0.9898128045978631,0.7997975116461997
0.12023514881976781,-2.0845587184079095,0.4049056365765779,1.3477637672852023,0.09561276707409001
-1.666051662388449,0.04652648495264178,-1.0059219324135378,-0.2246319275179016,-1.7733430778105805
-1.8490324651688848,-0.5704693937860288,1.0819002022500188,0.7405202558555266,0.7469758725328233
0.0808680677627817,0.786387293998826,-0.3575192403376983,-0.6112778911915072,-0.6053870177110623
0.7797349965302431,-1.8226304866355294,-1.2246605998383226,0.05142812363411414,-2.005385271924903
-0.5762397733328102,0.08578085609369135,0.2802354443185553,-2.0433720209426487,0.056330998249850266
-0.23468513642089558,-0.9978350005575892,-0.03672644224387693,1.2563630414546956,-1.0473853732350182
1.323868037598345,0.41022537956700206,2.179468597789117,-0.2649919995603254,0.37847451141635546
0.4049056365765779,-0.22965563062574812,0.6290797071628326,0.3732204528416627,1.2672158356344725
-1.0059219324135378,1.3357205650466528,-0.7213354923439306,-1.0558962337637419,-0.2599246780658715
-0.7731170271162717,-1.3007052195221016,0.12023514881976781,-0.10545392952487531,-0.42625523240607305
